10 5 3 
10 8 4 
7 7 5 5 

213 

1 1 1 
1 1 2 
1 1 3 
1 1 4 
1 2 1 
1 2 2 
1 2 3 
1 2 4 
1 3 1 
1 3 2 
1 3 3 
1 3 4 
2 1 1 
2 1 2 
2 1 3 
2 1 4 
2 2 1 
2 2 2 
2 2 3 
2 2 4 
2 3 1 
2 3 2 
2 3 3 
2 3 4 
3 1 1 
3 1 2 
3 1 3 
3 1 4 
3 2 1 
3 2 2 
3 2 3 
3 2 4 
3 3 1 
3 3 2 
3 3 3 
3 3 4 

0 2 5 1 1 3 2 2 2 5 5 5 3 4 1 3 3 0 0 0 4 0 0 0 3 3 1 4 4 0 0 0 4 0 0 0 
3 0 3 5 1 2 2 1 3 2 2 2 5 1 3 2 0 2 0 0 0 5 0 0 1 3 3 2 0 2 0 0 0 2 0 0 
5 2 0 5 5 2 5 2 3 2 3 3 3 1 5 3 0 0 4 0 0 0 3 0 5 1 2 2 0 0 5 0 0 0 2 0 
1 5 5 0 5 5 5 3 2 5 1 3 4 5 5 5 0 0 0 3 0 0 0 5 4 3 4 1 0 0 0 4 0 0 0 2 
4 4 2 2 0 4 1 3 2 5 1 2 3 0 0 0 1 2 5 3 5 0 0 0 2 0 0 0 4 3 3 4 3 0 0 0 
2 5 3 1 4 0 3 2 3 1 2 2 0 5 0 0 3 2 2 1 0 2 0 0 0 5 0 0 2 5 1 1 0 2 0 0 
2 3 3 3 5 1 0 2 3 5 4 1 0 0 5 0 4 3 3 2 0 0 4 0 0 0 3 0 4 2 4 3 0 0 3 0 
1 4 4 1 4 2 5 0 5 3 4 2 0 0 0 3 4 5 5 2 0 0 0 5 0 0 0 1 4 1 2 5 0 0 0 5 
1 4 4 2 3 3 3 1 0 2 3 2 4 0 0 0 4 0 0 0 3 3 1 1 3 0 0 0 5 0 0 0 2 2 3 5 
1 2 3 3 1 2 4 1 2 0 4 3 0 5 0 0 0 3 0 0 4 3 3 4 0 2 0 0 0 2 0 0 5 1 3 3 
1 2 4 2 4 2 4 5 5 2 0 2 0 0 4 0 0 0 5 0 1 2 2 5 0 0 3 0 0 0 5 0 1 1 5 1 
4 2 1 5 1 1 4 2 2 5 1 0 0 0 0 5 0 0 0 3 5 5 2 2 0 0 0 2 0 0 0 2 1 1 2 1 
2 1 4 5 4 0 0 0 1 0 0 0 0 3 4 1 3 1 1 3 2 5 5 3 2 5 3 2 1 0 0 0 3 0 0 0 
2 5 3 2 0 5 0 0 0 5 0 0 3 0 4 4 1 4 5 1 1 1 5 5 1 1 3 5 0 3 0 0 0 1 0 0 
3 2 4 2 0 0 3 0 0 0 1 0 2 4 0 5 1 2 4 5 2 3 5 4 4 2 3 2 0 0 3 0 0 0 5 0 
5 2 3 1 0 0 0 5 0 0 0 1 5 3 3 0 2 5 2 4 3 2 3 1 5 4 4 1 0 0 0 3 0 0 0 3 
2 0 0 0 2 3 5 5 5 0 0 0 5 5 5 2 0 3 1 1 3 2 5 1 4 0 0 0 5 4 2 1 2 0 0 0 
0 2 0 0 5 1 5 2 0 4 0 0 4 4 2 2 1 0 1 3 2 1 5 1 0 5 0 0 1 3 2 1 0 2 0 0 
0 0 4 0 4 3 4 3 0 0 1 0 2 3 4 1 4 2 0 1 2 4 4 4 0 0 4 0 3 2 5 1 0 0 5 0 
0 0 0 1 3 4 5 1 0 0 0 4 1 3 1 2 2 1 1 0 1 2 3 2 0 0 0 3 4 1 5 1 0 0 0 1 
2 0 0 0 3 0 0 0 2 1 5 1 2 2 1 5 3 5 2 2 0 2 3 2 1 0 0 0 1 0 0 0 3 4 4 5 
0 4 0 0 0 5 0 0 1 4 3 1 4 2 2 4 4 1 3 1 2 0 1 4 0 5 0 0 0 2 0 0 4 3 3 1 
0 0 5 0 0 0 4 0 5 2 5 2 1 1 1 3 4 5 2 1 2 2 0 2 0 0 3 0 0 0 3 0 2 3 4 5 
0 0 0 5 0 0 0 1 5 1 4 4 5 4 5 3 4 1 1 2 1 2 3 0 0 0 0 1 0 0 0 5 2 3 2 2 
1 5 4 1 4 0 0 0 2 0 0 0 1 2 5 5 3 0 0 0 3 0 0 0 0 5 1 4 4 1 1 5 2 5 3 3 
2 5 1 3 0 5 0 0 0 5 0 0 4 1 4 5 0 5 0 0 0 4 0 0 4 0 5 4 3 5 1 2 2 2 4 3 
5 4 3 2 0 0 1 0 0 0 3 0 4 3 1 2 0 0 4 0 0 0 3 0 2 1 0 2 4 5 2 4 2 5 5 2 
3 3 4 1 0 0 0 1 0 0 0 5 5 5 2 1 0 0 0 1 0 0 0 4 2 3 3 0 3 5 2 1 1 4 1 2 
3 0 0 0 2 3 4 5 3 0 0 0 4 0 0 0 5 3 2 2 5 0 0 0 2 3 4 3 0 5 1 2 2 1 5 3 
0 2 0 0 1 1 2 1 0 1 0 0 0 2 0 0 4 1 3 5 0 2 0 0 5 1 5 4 3 0 4 2 1 2 5 1 
0 0 4 0 4 3 1 5 0 0 5 0 0 0 5 0 4 4 3 1 0 0 3 0 5 2 3 5 3 2 0 5 5 2 5 1 
0 0 0 2 3 2 3 5 0 0 0 5 0 0 0 3 1 4 4 5 0 0 0 2 4 1 2 1 3 2 4 0 4 3 3 2 
4 0 0 0 2 0 0 0 2 5 1 2 3 0 0 0 4 0 0 0 5 2 5 2 3 2 5 1 2 3 4 3 0 2 2 3 
0 4 0 0 0 5 0 0 1 2 4 5 0 1 0 0 0 3 0 0 3 3 2 1 1 1 1 4 1 1 1 1 5 0 3 2 
0 0 1 0 0 0 4 0 5 2 4 2 0 0 2 0 0 0 1 0 1 4 5 3 4 2 5 1 2 5 5 1 2 5 0 2 
0 0 0 2 0 0 0 4 3 3 2 3 0 0 0 5 0 0 0 2 2 3 5 3 2 3 3 2 4 2 3 1 2 3 2 0 

1 1 28 4 
2 1 1 15 
2 2 0 8 8 10 
3 1 21 7 
3 2 11 6 
3 3 26 15 
4 1 34 4 
4 2 30 11 32 14 
4 3 19 3 2 7 13 13 
5 1 0 2 29 8 
5 2 11 1 33 3 10 15 
6 1 13 4 32 5 29 6 
6 2 20 1 29 4 27 15 
6 3 35 4 
7 1 1 5 21 15 6 15 
7 2 15 4 27 8 
7 3 28 4 30 8 
8 1 28 11 17 14 1 14 
8 2 7 1 11 10 14 12 
9 1 0 10 17 14 
9 2 18 2 
9 3 0 6 28 8 8 9 
10 1 33 6 30 13 
10 2 13 1 24 5 30 14 
11 1 10 1 0 2 9 8 
11 2 28 3 2 14 
12 1 31 8 
12 2 29 12 13 12 
13 1 20 5 
13 2 0 10 
14 1 23 10 
14 2 26 11 
14 3 7 13 1 13 
15 1 22 7 4 10 14 12 
15 2 24 2 21 6 
16 1 2 10 
17 1 16 14 
17 2 4 3 
17 3 22 12 
18 1 2 4 33 5 
18 2 25 3 28 7 4 12 
18 3 2 3 28 5 6 6 
19 1 4 8 
19 2 35 7 10 8 13 8 
19 3 22 11 
20 1 35 1 32 2 
20 2 4 4 15 13 29 15 
20 3 11 4 
21 1 23 7 17 12 1 15 
21 2 17 2 3 13 
21 3 14 12 31 13 20 15 
22 1 6 12 
22 2 2 3 
23 1 2 9 9 12 25 15 
23 2 34 12 
23 3 15 3 28 11 
24 1 28 1 4 14 
25 1 21 14 
26 1 8 9 6 10 32 11 
27 1 7 4 23 5 33 5 
27 2 22 2 4 10 28 14 
28 1 24 10 
28 2 31 6 
29 1 33 3 17 15 
29 2 4 12 
30 1 24 7 29 12 7 13 
30 2 35 1 15 13 
31 1 18 1 17 6 
31 2 20 6 25 8 11 14 
31 3 14 12 8 14 11 14 
32 1 29 6 27 6 
32 2 9 4 
33 1 27 4 
33 2 17 2 
34 1 16 7 21 15 
35 1 29 2 
35 2 34 14 
35 3 5 4 31 6 16 8 
36 1 4 1 14 14 
36 2 28 9 12 10 
37 1 15 13 
38 1 34 3 16 11 
38 2 17 4 0 8 
38 3 1 3 17 12 
39 1 5 1 
40 1 10 3 2 3 32 8 
40 2 11 3 25 9 2 14 
41 1 0 2 
42 1 11 4 3 6 5 10 
43 1 2 1 
43 2 6 15 13 15 
43 3 5 1 8 15 
44 1 8 6 1 9 
45 1 11 11 
45 2 18 14 
46 1 9 3 35 7 
46 2 9 6 4 6 
47 1 6 1 
48 1 6 9 13 13 32 14 
48 2 10 10 16 12 
48 3 12 5 19 7 29 14 
49 1 10 4 30 9 
50 1 25 1 33 13 28 15 
50 2 7 5 22 6 11 15 
51 1 20 1 6 2 1 8 
51 2 18 9 28 15 
51 3 13 1 21 15 
52 1 22 1 
52 2 33 10 
53 1 35 4 24 8 6 12 
53 2 30 12 
53 3 14 4 7 9 
54 1 8 1 18 3 
54 2 21 2 31 10 16 12 
55 1 20 4 10 8 
55 2 23 14 4 15 
55 3 27 2 19 10 
56 1 19 10 
57 1 7 4 1 8 31 15 
57 2 9 12 
57 3 3 6 
58 1 34 2 
59 1 0 1 
59 2 3 6 15 9 
59 3 3 2 5 15 
60 1 9 4 12 7 
60 2 0 10 15 12 
61 1 0 2 7 7 30 15 
61 2 6 2 5 10 
61 3 14 6 
62 1 27 4 10 5 23 12 
62 2 31 4 0 7 
63 1 26 13 3 13 
63 2 1 10 
63 3 24 8 
64 1 21 14 
64 2 31 2 22 7 2 15 
65 1 14 6 1 13 
65 2 0 1 11 1 24 7 
66 1 3 6 23 11 15 14 
66 2 5 8 24 9 
66 3 17 1 1 11 
67 1 17 2 1 3 
67 2 15 1 29 15 
67 3 29 1 17 9 
68 1 28 4 26 9 
69 1 28 2 22 11 
69 2 3 4 13 5 27 8 
69 3 34 4 2 8 25 14 
70 1 15 1 5 4 28 14 
70 2 6 8 31 11 
71 1 7 9 
71 2 20 7 
71 3 26 1 4 7 21 13 
72 1 14 1 30 4 8 12 
72 2 14 9 
73 1 2 10 14 14 
73 2 33 1 18 12 13 15 
73 3 4 8 15 8 
74 1 4 2 17 9 
74 2 11 4 22 10 35 15 
75 1 12 2 
75 2 21 6 
76 1 3 1 24 6 15 7 
77 1 1 10 
77 2 34 1 13 8 16 13 
78 1 8 2 6 6 29 9 
78 2 5 5 33 7 1 13 
78 3 11 5 17 13 
79 1 35 5 25 13 13 14 
79 2 11 1 
79 3 16 8 15 12 
80 1 24 5 22 7 20 12 
81 1 23 10 12 11 18 15 
81 2 29 9 21 11 
81 3 22 5 20 13 
82 1 24 4 
83 1 26 15 
83 2 15 2 24 8 1 9 
83 3 6 9 26 13 24 15 
84 1 19 3 21 14 
84 2 28 7 25 8 
84 3 30 6 5 9 
85 1 11 1 28 2 24 10 
85 2 5 12 
85 3 22 2 6 8 2 8 
86 1 8 2 14 2 12 13 
86 2 31 1 6 2 30 3 
87 1 10 5 31 6 11 9 
88 1 22 9 3 14 
89 1 25 4 
89 2 0 7 
90 1 17 4 21 7 30 11 
90 2 11 7 32 10 
91 1 33 2 17 13 
92 1 0 7 27 10 
93 1 3 13 
93 2 2 1 12 7 34 14 
94 1 21 14 
94 2 18 1 
95 1 29 4 22 12 
95 2 7 11 
95 3 30 1 
96 1 32 1 19 10 
96 2 24 3 26 10 12 12 
97 1 23 9 29 12 
97 2 13 1 17 4 
98 1 9 2 33 4 27 13 
99 1 20 8 5 9 
99 2 32 9 16 11 17 14 
100 1 2 14 8 15 
100 2 23 7 
100 3 28 7 20 11 