10 5 3 
10 8 4 
7 7 5 5 

123 

1 1 1 
1 1 2 
1 1 3 
1 1 4 
1 2 1 
1 2 2 
1 2 3 
1 2 4 
1 3 1 
1 3 2 
1 3 3 
1 3 4 
2 1 1 
2 1 2 
2 1 3 
2 1 4 
2 2 1 
2 2 2 
2 2 3 
2 2 4 
2 3 1 
2 3 2 
2 3 3 
2 3 4 
3 1 1 
3 1 2 
3 1 3 
3 1 4 
3 2 1 
3 2 2 
3 2 3 
3 2 4 
3 3 1 
3 3 2 
3 3 3 
3 3 4 

0 4 11 15 3 5 9 8 15 3 9 13 2 6 14 14 6 0 0 0 2 0 0 0 1 5 1 3 8 0 0 0 3 0 0 0 
3 0 10 14 8 2 2 8 9 14 11 9 9 2 8 4 0 14 0 0 0 13 0 0 4 2 5 9 0 2 0 0 0 7 0 0 
3 6 0 11 8 9 1 4 14 15 5 2 10 8 10 1 0 0 14 0 0 0 1 0 2 2 8 13 0 0 9 0 0 0 1 0 
13 8 11 0 13 6 7 3 12 5 3 7 6 7 10 1 0 0 0 15 0 0 0 7 4 4 2 10 0 0 0 6 0 0 0 5 
14 6 10 14 0 12 11 8 7 1 15 2 6 0 0 0 9 8 1 3 12 0 0 0 10 0 0 0 15 2 15 6 14 0 0 0 
14 15 10 8 15 0 7 9 12 1 3 7 0 1 0 0 9 8 4 3 0 2 0 0 0 11 0 0 5 3 13 1 0 1 0 0 
8 12 8 5 7 2 0 2 14 13 15 5 0 0 4 0 13 10 1 15 0 0 10 0 0 0 13 0 6 11 11 6 0 0 11 0 
12 14 1 12 4 9 7 0 8 14 11 9 0 0 0 4 4 1 13 14 0 0 0 6 0 0 0 6 1 6 3 1 0 0 0 1 
7 8 6 14 13 13 1 14 0 3 11 12 13 0 0 0 3 0 0 0 15 12 12 11 3 0 0 0 9 0 0 0 6 8 6 11 
7 10 6 11 8 8 8 5 13 0 14 1 0 1 0 0 0 14 0 0 3 1 11 5 0 6 0 0 0 15 0 0 1 2 3 10 
6 9 15 12 3 5 9 7 15 12 0 7 0 0 1 0 0 0 15 0 12 13 8 2 0 0 13 0 0 0 11 0 2 1 12 5 
8 13 8 13 11 11 10 8 15 6 5 0 0 0 0 2 0 0 0 7 9 4 2 9 0 0 0 9 0 0 0 5 5 13 7 7 
2 3 9 15 8 0 0 0 5 0 0 0 0 3 1 7 9 8 12 3 12 4 12 15 9 15 14 12 1 0 0 0 8 0 0 0 
11 4 5 1 0 4 0 0 0 12 0 0 1 0 4 8 8 7 1 3 9 8 11 7 13 6 8 9 0 2 0 0 0 3 0 0 
15 2 6 2 0 0 14 0 0 0 3 0 14 11 0 2 13 6 15 3 2 10 1 7 4 10 12 1 0 0 11 0 0 0 3 0 
12 5 13 4 0 0 0 5 0 0 0 4 2 2 7 0 3 10 14 4 8 13 9 2 7 15 13 3 0 0 0 5 0 0 0 14 
10 0 0 0 12 2 8 10 6 0 0 0 10 7 11 6 0 11 10 9 5 3 2 14 10 0 0 0 2 5 7 4 10 0 0 0 
0 3 0 0 1 12 5 9 0 15 0 0 11 11 13 1 3 0 5 8 12 11 15 6 0 15 0 0 1 10 2 1 0 12 0 0 
0 0 7 0 6 2 15 15 0 0 2 0 15 12 8 5 6 13 0 10 4 6 10 10 0 0 12 0 4 11 5 11 0 0 7 0 
0 0 0 7 14 3 9 2 0 0 0 12 8 10 12 12 1 12 3 0 6 6 14 13 0 0 0 14 3 4 3 10 0 0 0 6 
6 0 0 0 8 0 0 0 1 12 12 7 9 1 4 3 12 8 2 13 0 15 4 10 15 0 0 0 10 0 0 0 11 12 9 5 
0 13 0 0 0 11 0 0 14 12 12 9 1 11 1 13 10 12 14 4 5 0 11 1 0 6 0 0 0 12 0 0 10 8 1 13 
0 0 1 0 0 0 3 0 10 6 10 13 8 13 15 1 15 11 2 8 3 5 0 4 0 0 8 0 0 0 15 0 7 10 9 11 
0 0 0 12 0 0 0 1 5 8 5 11 11 8 5 10 9 11 7 14 13 11 15 0 0 0 0 10 0 0 0 7 4 8 8 5 
2 3 10 2 12 0 0 0 15 0 0 0 7 4 4 6 10 0 0 0 5 0 0 0 0 7 7 9 7 4 13 5 1 8 2 2 
11 6 13 8 0 1 0 0 0 7 0 0 15 10 6 15 0 8 0 0 0 5 0 0 6 0 6 14 13 7 2 11 4 14 13 14 
14 9 4 6 0 0 15 0 0 0 3 0 13 11 8 10 0 0 10 0 0 0 5 0 11 6 0 7 2 5 6 15 5 7 11 10 
13 8 7 14 0 0 0 3 0 0 0 9 12 7 4 9 0 0 0 9 0 0 0 2 8 2 4 0 1 8 9 11 10 15 2 8 
6 0 0 0 14 11 13 7 11 0 0 0 7 0 0 0 5 3 13 9 7 0 0 0 11 9 6 2 0 4 15 12 10 14 13 10 
0 11 0 0 13 9 14 6 0 6 0 0 0 7 0 0 10 15 10 12 0 12 0 0 4 13 12 10 1 0 13 11 2 3 15 5 
0 0 14 0 6 9 3 12 0 0 4 0 0 0 11 0 14 13 4 1 0 0 3 0 14 8 6 11 12 9 0 8 3 13 8 14 
0 0 0 2 10 13 3 8 0 0 0 12 0 0 0 11 4 12 12 2 0 0 0 8 3 7 14 12 8 6 14 0 15 12 1 12 
1 0 0 0 3 0 0 0 1 6 3 1 1 0 0 0 11 0 0 0 7 11 8 8 1 4 8 5 6 3 6 6 0 11 8 3 
0 5 0 0 0 6 0 0 8 5 10 14 0 9 0 0 0 1 0 0 15 8 2 5 2 1 8 6 3 6 11 5 1 0 8 12 
0 0 5 0 0 0 2 0 14 13 1 7 0 0 15 0 0 0 3 0 13 12 10 9 15 2 9 10 3 11 12 6 1 13 0 13 
0 0 0 12 0 0 0 2 8 14 6 14 0 0 0 14 0 0 0 14 7 10 15 12 11 10 7 2 9 10 6 15 11 15 5 0 

1 1 10 48 
1 2 14 3 15 25 
1 3 34 13 31 22 9 26 
2 1 32 2 
2 2 8 13 30 46 
3 1 34 20 3 23 
4 1 31 37 35 44 
4 2 31 38 
5 1 29 5 25 43 24 50 
5 2 34 17 11 33 6 46 
5 3 4 5 
6 1 10 8 0 50 
6 2 31 23 4 38 
7 1 7 17 21 26 19 39 
8 1 14 35 21 40 
8 2 22 23 24 32 28 41 
8 3 2 48 
9 1 33 22 18 27 2 49 
9 2 23 36 1 38 
10 1 6 16 5 24 
10 2 4 11 10 21 
10 3 24 40 17 42 22 47 
11 1 23 20 19 50 
12 1 13 19 31 20 20 39 
13 1 25 34 5 35 2 46 
13 2 35 22 27 43 7 49 
14 1 23 11 
15 1 10 4 
15 2 14 32 
15 3 23 5 25 37 
16 1 35 45 
16 2 19 38 32 41 
16 3 8 18 31 50 
17 1 28 8 33 32 29 33 
17 2 3 37 
18 1 2 23 34 50 
18 2 1 3 31 17 27 30 
18 3 10 3 11 8 4 40 
19 1 28 28 21 36 16 40 
20 1 26 48 
21 1 2 4 30 13 
22 1 27 9 17 29 
22 2 30 22 19 32 
22 3 7 1 
23 1 8 25 19 34 
23 2 11 23 27 50 
24 1 30 40 
24 2 31 18 21 30 30 49 
24 3 25 6 3 14 7 30 
25 1 26 8 33 23 
25 2 34 20 
26 1 1 11 
26 2 4 28 16 45 5 49 
26 3 0 27 30 49 
27 1 7 30 10 35 26 35 
27 2 0 7 
27 3 1 2 7 9 
28 1 7 36 
28 2 0 14 
28 3 22 12 6 20 17 25 
29 1 15 12 25 21 
30 1 29 8 
30 2 18 6 32 23 6 31 
31 1 4 3 10 39 35 49 
32 1 3 3 28 8 18 19 
32 2 12 32 
33 1 5 4 16 19 30 22 
33 2 18 12 33 32 
34 1 18 14 15 21 5 50 
35 1 12 21 19 40 23 40 
35 2 22 9 
35 3 22 2 16 19 17 23 
36 1 13 33 
36 2 30 30 
37 1 14 29 32 30 
38 1 8 12 5 37 
38 2 22 15 23 33 
39 1 34 7 14 16 32 21 
39 2 14 11 
39 3 8 17 26 34 
40 1 26 37 12 40 24 49 
41 1 35 39 
41 2 33 8 30 28 29 31 
41 3 18 6 
42 1 28 34 35 42 20 45 
43 1 33 5 19 21 28 43 
43 2 12 22 34 38 
44 1 30 43 
45 1 33 24 
45 2 11 21 
45 3 26 30 
46 1 10 33 
46 2 23 16 16 19 3 36 
47 1 6 11 
47 2 24 33 14 40 
47 3 18 19 
48 1 12 3 32 45 
48 2 9 5 3 40 
48 3 16 17 2 21 19 25 
49 1 15 8 35 19 19 39 
49 2 1 3 27 6 15 29 
49 3 21 18 10 46 
50 1 19 28 
50 2 13 25 17 26 24 29 
51 1 0 8 4 10 
51 2 29 24 
52 1 26 29 9 36 
52 2 3 34 
53 1 12 5 16 28 6 42 
53 2 2 22 
53 3 33 11 
54 1 0 28 32 32 31 47 
55 1 7 18 24 47 
55 2 5 17 4 44 
56 1 19 36 
56 2 2 16 19 35 
57 1 14 38 21 47 18 47 
57 2 11 9 13 14 30 43 
58 1 35 12 16 26 13 42 
59 1 34 31 9 39 16 44 
59 2 5 46 
59 3 2 42 
60 1 19 9 33 29 