10 5 3 
10 8 4 
7 7 5 5 

203 

1 1 1 
1 1 2 
1 1 3 
1 1 4 
1 2 1 
1 2 2 
1 2 3 
1 2 4 
1 3 1 
1 3 2 
1 3 3 
1 3 4 
2 1 1 
2 1 2 
2 1 3 
2 1 4 
2 2 1 
2 2 2 
2 2 3 
2 2 4 
2 3 1 
2 3 2 
2 3 3 
2 3 4 
3 1 1 
3 1 2 
3 1 3 
3 1 4 
3 2 1 
3 2 2 
3 2 3 
3 2 4 
3 3 1 
3 3 2 
3 3 3 
3 3 4 

0 2 3 1 2 2 4 3 3 4 5 4 2 2 5 4 3 0 0 0 4 0 0 0 1 1 5 3 1 0 0 0 1 0 0 0 
2 0 5 1 4 5 3 5 2 2 1 1 2 2 5 1 0 5 0 0 0 4 0 0 1 2 1 2 0 5 0 0 0 5 0 0 
4 4 0 2 2 4 4 2 4 3 5 4 1 1 4 3 0 0 2 0 0 0 4 0 5 5 3 1 0 0 4 0 0 0 3 0 
5 2 1 0 4 2 4 3 4 4 4 3 3 1 1 3 0 0 0 2 0 0 0 3 5 5 1 5 0 0 0 1 0 0 0 5 
3 3 2 2 0 1 5 4 5 3 5 3 3 0 0 0 4 2 4 4 3 0 0 0 3 0 0 0 4 3 1 2 1 0 0 0 
4 4 5 4 2 0 3 1 5 2 2 5 0 4 0 0 2 1 3 3 0 3 0 0 0 4 0 0 1 4 4 1 0 4 0 0 
2 2 4 5 3 5 0 4 3 5 3 3 0 0 5 0 1 2 2 3 0 0 5 0 0 0 3 0 5 5 3 1 0 0 5 0 
5 4 2 5 4 1 5 0 2 3 3 4 0 0 0 5 5 1 1 3 0 0 0 3 0 0 0 4 1 5 4 3 0 0 0 5 
3 4 1 1 2 4 4 5 0 3 3 3 1 0 0 0 3 0 0 0 1 3 5 2 3 0 0 0 2 0 0 0 5 5 1 5 
2 1 4 3 1 1 1 3 5 0 2 4 0 1 0 0 0 4 0 0 2 3 4 1 0 3 0 0 0 2 0 0 4 1 1 2 
2 5 5 1 5 2 3 5 3 5 0 4 0 0 4 0 0 0 3 0 4 5 1 3 0 0 1 0 0 0 3 0 5 5 5 2 
3 2 1 5 4 1 3 5 2 5 3 0 0 0 0 1 0 0 0 4 4 2 2 1 0 0 0 5 0 0 0 1 1 3 2 4 
4 5 5 1 2 0 0 0 4 0 0 0 0 3 4 3 5 2 3 5 5 4 3 5 2 3 2 5 4 0 0 0 4 0 0 0 
1 4 4 2 0 4 0 0 0 5 0 0 5 0 5 2 1 4 1 3 5 1 4 2 2 5 1 3 0 5 0 0 0 5 0 0 
3 5 3 2 0 0 1 0 0 0 5 0 5 2 0 1 1 4 2 2 3 3 1 2 1 1 2 3 0 0 2 0 0 0 5 0 
2 5 1 1 0 0 0 4 0 0 0 2 3 2 2 0 4 2 5 1 2 3 4 3 1 5 2 1 0 0 0 3 0 0 0 3 
1 0 0 0 2 2 4 3 1 0 0 0 4 2 2 3 0 4 5 5 2 1 1 2 5 0 0 0 3 1 5 3 5 0 0 0 
0 1 0 0 5 3 2 1 0 3 0 0 1 4 3 1 2 0 2 5 2 1 3 1 0 4 0 0 1 2 5 4 0 5 0 0 
0 0 4 0 2 3 1 1 0 0 4 0 5 4 1 1 4 1 0 4 1 4 2 3 0 0 2 0 2 5 5 2 0 0 3 0 
0 0 0 2 1 2 2 5 0 0 0 4 5 2 2 1 5 2 4 0 1 1 2 1 0 0 0 3 5 1 1 1 0 0 0 1 
2 0 0 0 2 0 0 0 5 1 5 5 1 3 4 2 3 3 4 3 0 1 2 5 2 0 0 0 2 0 0 0 4 4 5 1 
0 4 0 0 0 3 0 0 3 5 2 3 2 2 3 3 4 3 5 4 4 0 2 3 0 5 0 0 0 4 0 0 5 4 2 4 
0 0 3 0 0 0 5 0 4 4 5 3 5 4 1 4 2 5 1 4 4 2 0 1 0 0 2 0 0 0 3 0 2 3 4 5 
0 0 0 1 0 0 0 5 3 1 2 5 4 1 4 2 2 3 4 4 3 3 5 0 0 0 0 5 0 0 0 5 1 4 5 5 
5 2 1 1 1 0 0 0 3 0 0 0 5 1 3 2 1 0 0 0 2 0 0 0 0 1 3 3 1 4 3 1 5 5 3 4 
5 4 3 5 0 5 0 0 0 5 0 0 1 3 1 1 0 4 0 0 0 1 0 0 5 0 3 2 5 1 5 2 5 1 1 5 
3 4 5 5 0 0 2 0 0 0 1 0 3 3 5 4 0 0 4 0 0 0 4 0 5 4 0 1 2 3 1 1 1 2 3 3 
1 4 1 3 0 0 0 5 0 0 0 2 4 1 4 3 0 0 0 4 0 0 0 5 5 4 4 0 5 1 2 3 3 1 2 3 
1 0 0 0 1 4 4 1 5 0 0 0 2 0 0 0 3 1 2 4 4 0 0 0 3 3 1 5 0 4 2 5 5 2 1 2 
0 4 0 0 2 3 2 5 0 3 0 0 0 2 0 0 4 4 4 2 0 3 0 0 1 5 1 1 5 0 2 4 5 2 3 1 
0 0 4 0 2 3 1 4 0 0 5 0 0 0 4 0 2 3 5 3 0 0 1 0 1 3 3 4 5 4 0 4 3 3 3 1 
0 0 0 2 3 3 3 2 0 0 0 1 0 0 0 4 5 4 3 3 0 0 0 2 1 1 4 4 2 5 2 0 4 4 3 3 
2 0 0 0 4 0 0 0 4 3 3 3 4 0 0 0 1 0 0 0 4 4 4 3 5 5 3 2 3 3 5 3 0 5 2 5 
0 2 0 0 0 1 0 0 2 2 3 5 0 3 0 0 0 4 0 0 5 5 4 5 3 5 1 4 3 3 4 5 4 0 3 5 
0 0 1 0 0 0 5 0 5 4 1 3 0 0 2 0 0 0 2 0 3 3 1 4 4 3 5 5 4 1 3 4 3 3 0 5 
0 0 0 3 0 0 0 4 5 3 1 2 0 0 0 3 0 0 0 4 5 5 4 1 3 4 1 3 5 5 5 4 4 3 1 0 

1 1 35 4 5 5 12 11 
1 2 7 4 8 9 14 11 
2 1 32 4 25 4 16 9 
3 1 33 10 15 15 
3 2 0 2 29 14 
3 3 25 2 27 3 34 7 
4 1 29 8 8 15 
5 1 11 1 20 6 15 11 
6 1 0 1 20 12 
6 2 32 1 5 5 
6 3 0 9 
7 1 11 4 20 15 
8 1 11 15 
9 1 35 8 12 8 14 12 
9 2 14 10 32 14 
9 3 4 2 19 4 2 6 
10 1 18 12 
10 2 1 11 
11 1 24 2 9 8 
11 2 28 10 
11 3 7 5 35 8 3 12 
12 1 10 7 22 12 
12 2 35 3 23 13 12 14 
12 3 28 8 10 14 
13 1 22 6 12 13 
13 2 1 12 28 13 
14 1 27 14 
14 2 24 10 
15 1 13 7 33 11 20 12 
16 1 25 10 
16 2 10 4 34 10 
17 1 14 1 5 7 4 9 
17 2 25 8 4 11 24 15 
18 1 2 1 31 7 16 8 
19 1 32 3 5 3 
19 2 21 3 30 7 
20 1 29 12 
21 1 29 13 
21 2 31 8 
22 1 21 7 19 9 33 13 
22 2 29 3 15 4 11 10 
23 1 2 3 18 10 
23 2 32 3 29 6 30 7 
24 1 14 4 
24 2 23 9 
25 1 14 1 21 3 5 11 
26 1 27 13 8 15 
27 1 33 5 28 14 
27 2 2 14 
28 1 18 7 
28 2 10 4 33 6 
28 3 10 4 20 8 8 13 
29 1 23 12 6 13 
29 2 18 2 7 4 13 11 
29 3 31 6 
30 1 28 8 
30 2 11 5 31 7 14 15 
31 1 33 1 23 10 32 15 
31 2 1 4 
31 3 22 12 
32 1 18 5 6 15 
33 1 29 1 1 15 
33 2 4 9 25 9 14 9 
33 3 7 4 32 5 24 13 
34 1 4 12 
34 2 18 10 
35 1 15 7 18 12 
36 1 16 4 33 4 20 12 
36 2 1 9 
36 3 35 1 
37 1 3 5 23 12 35 14 
37 2 29 12 
37 3 25 13 
38 1 28 1 18 8 
38 2 6 1 19 12 
39 1 29 12 27 13 
39 2 4 6 17 13 
40 1 15 2 8 5 4 8 
41 1 29 13 
41 2 7 12 
42 1 13 7 
42 2 13 14 
43 1 9 6 
43 2 15 3 9 12 26 12 
43 3 12 8 30 14 
44 1 11 5 7 14 
44 2 4 1 11 7 34 12 
45 1 22 1 23 11 3 13 
45 2 24 2 0 14 
46 1 35 4 24 10 21 12 
47 1 4 6 14 9 7 12 
47 2 7 5 27 11 
47 3 24 12 
48 1 34 12 
48 2 22 12 16 14 
48 3 7 2 28 8 
49 1 3 1 
49 2 10 10 29 12 
49 3 16 1 
50 1 31 2 26 9 5 12 
50 2 16 11 2 13 
50 3 5 7 3 13 
51 1 10 9 16 11 30 15 
51 2 13 3 1 15 12 15 
51 3 31 4 
52 1 8 7 31 9 30 11 
53 1 4 2 17 11 20 14 
54 1 11 6 
55 1 29 1 1 5 
55 2 22 4 
55 3 3 11 
56 1 6 5 28 11 33 15 
57 1 10 1 20 10 15 12 
57 2 19 2 12 10 26 12 
58 1 25 12 
59 1 12 1 5 9 21 11 
60 1 27 6 
61 1 15 11 12 14 
61 2 33 2 
62 1 28 6 24 12 21 14 
62 2 34 1 
62 3 0 2 12 11 15 15 
63 1 5 1 12 10 33 12 
63 2 22 9 
63 3 11 14 
64 1 21 2 26 4 
64 2 0 9 
65 1 28 7 2 8 0 9 
65 2 4 8 35 10 
66 1 16 14 
67 1 35 5 33 9 13 13 
67 2 1 6 16 10 
68 1 23 10 29 12 
68 2 9 1 33 1 
68 3 19 15 
69 1 18 2 16 3 
69 2 17 3 29 9 34 14 
69 3 14 14 
70 1 1 9 
70 2 15 7 
70 3 16 1 2 2 13 12 
71 1 18 6 23 10 6 15 
71 2 12 5 13 8 
72 1 16 6 24 9 
73 1 19 9 21 14 22 15 
73 2 4 5 19 8 
74 1 7 15 
74 2 0 11 
75 1 29 5 
75 2 22 1 19 3 27 8 
76 1 1 1 11 5 
76 2 20 11 
76 3 5 4 27 10 
77 1 20 4 
77 2 32 12 
77 3 32 6 
78 1 32 2 12 4 0 5 
78 2 16 3 22 15 
78 3 23 6 33 10 
79 1 33 7 9 8 29 8 
79 2 18 7 24 7 
80 1 19 5 0 7 
81 1 4 1 10 12 
82 1 19 6 14 7 25 11 
82 2 14 15 
83 1 6 13 
84 1 28 4 14 11 8 14 
84 2 16 3 26 10 15 12 
84 3 5 5 4 11 
85 1 17 8 6 9 9 12 
85 2 0 11 
85 3 5 7 27 13 
86 1 15 6 20 12 
86 2 31 1 25 4 24 13 
87 1 3 8 0 14 
88 1 34 4 
88 2 29 15 
89 1 21 13 
90 1 33 2 8 3 29 9 
90 2 31 4 35 5 25 7 
90 3 11 1 
91 1 28 3 14 6 7 12 
92 1 9 4 33 7 
92 2 17 9 0 9 24 11 
93 1 3 4 6 5 
93 2 23 3 22 3 14 13 
94 1 13 13 11 13 
94 2 25 15 
95 1 33 9 31 14 25 14 
95 2 21 3 34 3 7 13 
96 1 0 7 2 8 
96 2 12 1 17 15 
96 3 23 3 25 8 
97 1 8 8 35 14 
97 2 21 1 16 8 13 9 
98 1 9 2 24 7 11 14 
98 2 32 9 13 13 
98 3 2 6 33 11 6 12 
99 1 12 2 16 3 31 14 
99 2 12 7 
100 1 17 2 32 11 
100 2 34 1 19 2 27 14 
100 3 7 3 11 13 