10 5 3 
10 8 4 
7 7 5 5 

196 

1 1 1 
1 1 2 
1 1 3 
1 1 4 
1 2 1 
1 2 2 
1 2 3 
1 2 4 
1 3 1 
1 3 2 
1 3 3 
1 3 4 
2 1 1 
2 1 2 
2 1 3 
2 1 4 
2 2 1 
2 2 2 
2 2 3 
2 2 4 
2 3 1 
2 3 2 
2 3 3 
2 3 4 
3 1 1 
3 1 2 
3 1 3 
3 1 4 
3 2 1 
3 2 2 
3 2 3 
3 2 4 
3 3 1 
3 3 2 
3 3 3 
3 3 4 

0 4 5 5 1 3 5 5 3 5 3 1 5 4 5 4 2 0 0 0 3 0 0 0 2 2 3 1 1 0 0 0 5 0 0 0 
5 0 1 4 1 4 1 5 2 4 1 1 1 1 3 4 0 1 0 0 0 3 0 0 5 4 1 2 0 4 0 0 0 5 0 0 
5 4 0 3 2 3 2 4 1 5 5 1 1 4 5 3 0 0 1 0 0 0 2 0 1 2 4 3 0 0 4 0 0 0 5 0 
5 4 3 0 4 4 1 5 2 1 2 2 3 2 2 5 0 0 0 5 0 0 0 5 5 2 4 5 0 0 0 4 0 0 0 2 
1 1 3 2 0 2 3 4 3 2 1 5 1 0 0 0 1 2 1 1 3 0 0 0 2 0 0 0 2 3 2 3 5 0 0 0 
2 4 2 4 3 0 5 5 3 3 5 1 0 5 0 0 3 3 2 1 0 1 0 0 0 2 0 0 4 2 4 5 0 2 0 0 
3 5 2 4 5 3 0 4 5 2 1 2 0 0 3 0 1 5 1 2 0 0 4 0 0 0 5 0 2 4 5 4 0 0 3 0 
2 5 4 5 3 2 4 0 5 1 4 4 0 0 0 5 5 2 1 2 0 0 0 2 0 0 0 5 3 3 2 5 0 0 0 2 
2 3 4 1 5 2 3 5 0 4 3 3 4 0 0 0 2 0 0 0 1 5 3 1 2 0 0 0 2 0 0 0 3 4 5 5 
3 5 2 5 4 4 3 4 5 0 1 2 0 1 0 0 0 1 0 0 1 3 3 1 0 3 0 0 0 2 0 0 4 5 4 4 
1 5 5 2 1 2 5 4 3 4 0 4 0 0 3 0 0 0 2 0 2 5 3 1 0 0 4 0 0 0 5 0 4 1 1 5 
2 5 2 4 3 1 4 1 1 4 2 0 0 0 0 4 0 0 0 3 5 1 1 5 0 0 0 3 0 0 0 1 3 3 2 3 
5 5 1 2 4 0 0 0 2 0 0 0 0 1 4 4 4 4 3 2 5 3 5 5 3 2 4 4 2 0 0 0 5 0 0 0 
1 1 3 1 0 2 0 0 0 1 0 0 1 0 3 3 5 5 5 4 1 4 4 1 1 1 1 3 0 3 0 0 0 1 0 0 
4 2 1 3 0 0 1 0 0 0 5 0 3 4 0 2 4 1 4 2 4 2 4 4 1 3 5 1 0 0 2 0 0 0 1 0 
1 3 5 3 0 0 0 3 0 0 0 2 4 4 4 0 4 3 1 4 4 3 4 5 3 5 2 3 0 0 0 5 0 0 0 2 
1 0 0 0 2 4 2 1 3 0 0 0 4 2 4 3 0 2 2 1 3 2 1 3 2 0 0 0 4 1 3 4 4 0 0 0 
0 4 0 0 4 2 3 2 0 3 0 0 4 3 1 1 4 0 1 4 5 1 1 5 0 3 0 0 3 3 5 3 0 3 0 0 
0 0 1 0 3 2 2 3 0 0 5 0 1 3 5 1 2 2 0 5 5 5 5 3 0 0 4 0 4 2 5 3 0 0 1 0 
0 0 0 2 1 2 1 2 0 0 0 4 1 1 4 3 4 4 1 0 2 5 3 3 0 0 0 5 4 5 1 1 0 0 0 4 
2 0 0 0 1 0 0 0 1 3 5 2 1 2 2 2 2 2 5 2 0 4 5 1 3 0 0 0 1 0 0 0 5 4 3 1 
0 4 0 0 0 2 0 0 1 2 2 3 3 1 3 4 3 5 4 5 2 0 4 3 0 1 0 0 0 3 0 0 3 2 1 1 
0 0 2 0 0 0 3 0 5 5 5 5 3 3 1 3 4 1 4 1 4 4 0 3 0 0 1 0 0 0 2 0 5 4 5 5 
0 0 0 5 0 0 0 3 3 4 1 5 3 4 1 1 4 1 1 5 3 1 3 0 0 0 0 5 0 0 0 3 4 4 2 3 
2 1 5 4 4 0 0 0 3 0 0 0 5 4 3 5 5 0 0 0 3 0 0 0 0 5 3 5 3 4 5 5 3 3 4 4 
3 3 2 1 0 4 0 0 0 5 0 0 4 1 1 5 0 1 0 0 0 5 0 0 5 0 4 5 2 5 2 3 1 2 5 1 
4 5 3 5 0 0 1 0 0 0 5 0 2 1 5 3 0 0 4 0 0 0 1 0 3 4 0 1 3 5 3 2 5 4 4 2 
2 4 1 4 0 0 0 5 0 0 0 5 4 2 1 5 0 0 0 2 0 0 0 3 3 2 1 0 3 1 3 2 1 5 2 3 
4 0 0 0 1 4 1 1 3 0 0 0 5 0 0 0 4 3 5 1 4 0 0 0 3 5 5 3 0 5 5 4 2 2 3 1 
0 4 0 0 2 4 2 1 0 1 0 0 0 5 0 0 5 2 4 2 0 1 0 0 1 2 4 1 5 0 3 5 3 3 4 5 
0 0 1 0 3 3 3 5 0 0 3 0 0 0 5 0 4 3 1 2 0 0 5 0 2 4 5 5 2 4 0 3 3 2 5 3 
0 0 0 3 2 2 2 4 0 0 0 1 0 0 0 2 3 1 4 1 0 0 0 3 3 5 5 3 4 2 1 0 4 3 2 1 
1 0 0 0 3 0 0 0 1 5 1 3 2 0 0 0 5 0 0 0 1 1 3 1 4 4 2 3 3 3 3 3 0 4 2 4 
0 4 0 0 0 4 0 0 4 1 3 3 0 5 0 0 0 3 0 0 1 5 2 2 5 3 1 5 3 3 2 2 1 0 4 2 
0 0 2 0 0 0 4 0 2 5 1 2 0 0 3 0 0 0 5 0 1 3 3 3 2 5 4 5 5 3 3 4 3 3 0 1 
0 0 0 1 0 0 0 4 3 5 3 3 0 0 0 3 0 0 0 2 5 3 1 2 2 4 1 5 5 3 3 4 5 3 4 0 

1 1 13 6 
1 2 12 1 32 11 6 15 
2 1 17 15 
2 2 33 6 2 15 
3 1 3 8 
3 2 30 4 
3 3 5 2 1 9 
4 1 18 7 
5 1 32 9 12 11 
5 2 22 9 
5 3 33 14 
6 1 7 1 28 3 11 3 
6 2 30 5 34 6 10 9 
6 3 34 6 8 7 33 9 
7 1 17 2 1 9 
7 2 0 6 11 15 
8 1 32 8 
8 2 23 3 34 8 
9 1 27 3 
10 1 28 7 19 15 
10 2 4 12 
10 3 0 6 
11 1 23 1 30 9 
11 2 20 8 
11 3 16 5 
12 1 5 11 
12 2 11 1 
12 3 13 5 
13 1 25 1 7 13 
13 2 25 2 3 3 
13 3 29 5 
14 1 21 4 
14 2 34 2 18 14 
14 3 4 14 5 15 
15 1 22 8 
16 1 17 4 
17 1 4 3 24 4 8 12 
18 1 27 3 28 6 
18 2 20 8 
18 3 14 4 20 11 8 11 
19 1 25 7 
20 1 9 1 33 5 32 12 
20 2 13 4 6 7 16 12 
21 1 4 4 22 7 8 11 
22 1 16 1 20 2 25 5 
23 1 32 1 
24 1 9 10 1 15 
24 2 25 3 16 15 
25 1 12 1 34 3 10 8 
25 2 25 6 4 13 
25 3 3 4 27 6 
26 1 21 8 8 15 
26 2 31 6 18 8 
27 1 9 13 20 14 
27 2 23 5 10 8 33 8 
28 1 30 8 
28 2 31 10 
29 1 31 7 
30 1 11 2 14 3 24 15 
30 2 21 3 
31 1 18 4 1 7 
32 1 28 10 18 13 27 13 
32 2 10 2 34 4 
33 1 6 2 
34 1 3 14 29 15 
35 1 23 5 30 10 31 15 
35 2 9 11 24 15 
36 1 2 5 32 6 21 7 
37 1 2 11 
37 2 15 1 1 9 
38 1 15 14 
39 1 20 3 18 14 
40 1 0 9 
40 2 8 1 
40 3 31 4 23 14 34 15 
41 1 11 11 
42 1 28 4 19 7 35 7 
42 2 10 5 
43 1 9 11 2 13 
43 2 28 12 
43 3 6 5 34 11 23 15 
44 1 21 3 27 7 28 12 
44 2 20 2 22 6 29 8 
44 3 10 8 
45 1 12 8 
45 2 25 1 11 3 
46 1 5 1 29 8 2 13 
47 1 2 3 6 9 
47 2 21 1 19 4 
48 1 25 4 
49 1 27 4 0 9 30 12 
50 1 27 4 23 4 3 14 
50 2 13 8 10 14 
50 3 30 15 
51 1 13 15 
52 1 4 3 
52 2 30 4 1 11 
53 1 28 12 
54 1 11 1 35 2 12 15 
54 2 7 13 18 13 
55 1 5 7 2 9 34 12 
55 2 25 10 23 14 
56 1 30 4 10 12 
57 1 35 2 
58 1 35 3 
58 2 27 3 35 12 10 14 
58 3 2 13 
59 1 32 3 4 5 
59 2 23 9 25 11 
60 1 27 15 
61 1 14 3 18 11 23 12 
61 2 31 4 
61 3 30 3 
62 1 26 5 21 7 3 14 
62 2 22 9 
63 1 9 3 1 5 8 8 
64 1 9 14 18 15 
64 2 17 2 
64 3 0 10 
65 1 12 5 11 7 
65 2 23 14 
65 3 15 14 
66 1 32 2 27 8 21 13 
66 2 3 6 18 13 0 13 
67 1 26 3 15 6 17 10 
67 2 6 2 29 13 
68 1 16 2 15 12 32 15 
69 1 21 1 0 13 
69 2 4 8 18 15 
69 3 9 4 19 12 
70 1 35 5 
71 1 31 10 32 14 
71 2 3 2 
71 3 21 8 0 12 
72 1 6 2 
72 2 35 4 34 5 3 10 
73 1 3 2 24 14 
73 2 8 7 26 7 14 12 
74 1 28 11 26 12 22 13 
74 2 30 4 1 13 
74 3 18 2 
75 1 7 6 5 7 21 14 
75 2 8 1 1 1 29 8 
75 3 17 11 15 14 
76 1 14 1 29 6 
77 1 32 7 20 9 4 10 
77 2 19 14 
77 3 16 2 8 12 11 12 
78 1 27 11 
78 2 4 6 23 13 
79 1 8 5 29 12 22 13 
79 2 3 8 
79 3 10 2 4 2 
80 1 21 13 
81 1 18 2 11 12 
81 2 18 6 10 14 
81 3 23 4 3 15 
82 1 31 14 7 14 
83 1 12 2 1 2 30 4 
84 1 4 1 30 3 19 7 
84 2 21 14 
85 1 20 6 5 8 
86 1 8 5 29 11 
86 2 16 15 
86 3 21 4 23 8 31 11 
87 1 35 1 
87 2 5 2 
87 3 11 3 1 8 
88 1 18 15 
88 2 34 3 1 4 
89 1 32 8 
89 2 12 5 
90 1 3 11 34 15 
90 2 25 3 12 8 8 11 
90 3 15 11 35 11 
91 1 13 10 21 13 
91 2 16 2 15 8 
91 3 17 10 18 11 
92 1 23 11 0 12 
93 1 1 8 11 9 
93 2 16 6 
93 3 19 5 29 6 27 8 
94 1 8 4 14 13 
94 2 3 2 12 10 
94 3 33 5 23 12 
95 1 31 1 19 6 34 15 
96 1 5 2 0 2 
97 1 6 4 35 5 
98 1 29 2 
98 2 34 2 32 11 
98 3 33 6 
99 1 30 7 11 13 
99 2 9 9 33 11 
99 3 32 8 
100 1 35 6 32 8 28 11 
100 2 21 1 5 12 