10 5 3 
10 8 4 
7 7 5 5 

204 

1 1 1 
1 1 2 
1 1 3 
1 1 4 
1 2 1 
1 2 2 
1 2 3 
1 2 4 
1 3 1 
1 3 2 
1 3 3 
1 3 4 
2 1 1 
2 1 2 
2 1 3 
2 1 4 
2 2 1 
2 2 2 
2 2 3 
2 2 4 
2 3 1 
2 3 2 
2 3 3 
2 3 4 
3 1 1 
3 1 2 
3 1 3 
3 1 4 
3 2 1 
3 2 2 
3 2 3 
3 2 4 
3 3 1 
3 3 2 
3 3 3 
3 3 4 

0 4 4 3 2 1 2 4 1 4 3 2 3 3 2 4 2 0 0 0 1 0 0 0 5 4 2 4 5 0 0 0 5 0 0 0 
4 0 3 3 5 3 5 2 5 1 1 3 5 5 4 1 0 5 0 0 0 3 0 0 1 5 5 5 0 2 0 0 0 5 0 0 
1 5 0 4 1 5 3 3 3 3 5 3 3 5 2 3 0 0 3 0 0 0 5 0 2 3 3 3 0 0 4 0 0 0 3 0 
4 3 3 0 3 2 5 3 1 1 5 4 2 1 2 1 0 0 0 4 0 0 0 2 2 4 1 5 0 0 0 1 0 0 0 1 
1 1 1 3 0 1 5 3 4 4 5 1 3 0 0 0 5 2 3 5 2 0 0 0 1 0 0 0 4 2 5 1 5 0 0 0 
4 2 5 3 1 0 4 3 3 2 1 2 0 2 0 0 5 5 1 2 0 5 0 0 0 1 0 0 4 3 3 1 0 3 0 0 
3 3 2 3 4 5 0 4 3 1 4 1 0 0 1 0 2 1 3 5 0 0 1 0 0 0 3 0 4 3 3 4 0 0 2 0 
3 2 3 2 2 2 1 0 2 4 2 3 0 0 0 1 3 5 5 4 0 0 0 3 0 0 0 3 3 5 4 4 0 0 0 1 
2 3 4 2 1 5 2 2 0 2 1 5 2 0 0 0 3 0 0 0 5 5 1 4 5 0 0 0 2 0 0 0 2 5 4 3 
5 1 4 4 4 4 1 4 1 0 4 5 0 3 0 0 0 2 0 0 4 1 2 5 0 4 0 0 0 4 0 0 1 5 3 1 
1 3 1 2 4 2 4 4 4 1 0 4 0 0 5 0 0 0 3 0 5 4 5 2 0 0 5 0 0 0 5 0 5 3 4 1 
2 3 5 1 1 2 2 2 2 2 4 0 0 0 0 5 0 0 0 1 3 2 5 3 0 0 0 2 0 0 0 2 4 2 5 5 
2 2 1 1 5 0 0 0 2 0 0 0 0 4 3 3 3 1 2 5 4 2 3 1 5 2 2 4 2 0 0 0 2 0 0 0 
1 1 1 3 0 3 0 0 0 5 0 0 4 0 5 3 1 4 4 2 5 3 2 3 4 1 1 5 0 3 0 0 0 1 0 0 
5 1 2 1 0 0 3 0 0 0 2 0 4 4 0 5 5 3 4 5 1 4 2 3 5 3 2 1 0 0 4 0 0 0 2 0 
5 4 1 4 0 0 0 3 0 0 0 2 3 4 3 0 5 4 5 1 1 1 2 1 5 3 1 3 0 0 0 5 0 0 0 1 
1 0 0 0 5 1 4 4 2 0 0 0 1 2 2 5 0 4 5 1 3 2 1 4 3 0 0 0 4 1 3 3 2 0 0 0 
0 5 0 0 4 3 4 4 0 5 0 0 4 4 4 2 4 0 3 1 4 4 2 2 0 5 0 0 5 4 2 4 0 5 0 0 
0 0 5 0 4 2 1 2 0 0 5 0 5 5 2 2 3 4 0 5 1 5 5 2 0 0 4 0 1 1 5 3 0 0 5 0 
0 0 0 3 3 2 3 1 0 0 0 2 3 1 2 4 2 3 4 0 2 4 1 2 0 0 0 5 5 3 2 4 0 0 0 2 
1 0 0 0 4 0 0 0 4 1 5 3 3 5 2 2 1 4 4 2 0 3 1 5 3 0 0 0 3 0 0 0 2 2 4 2 
0 5 0 0 0 1 0 0 5 5 1 3 1 5 1 1 2 5 3 5 4 0 1 5 0 4 0 0 0 4 0 0 2 5 4 1 
0 0 3 0 0 0 2 0 2 1 3 2 5 1 4 2 2 2 1 5 2 5 0 3 0 0 2 0 0 0 1 0 2 3 2 2 
0 0 0 1 0 0 0 2 2 3 1 2 1 3 1 2 1 3 2 5 1 1 1 0 0 0 0 2 0 0 0 5 1 3 5 5 
2 4 5 3 1 0 0 0 1 0 0 0 2 2 2 4 3 0 0 0 2 0 0 0 0 1 1 4 3 2 4 4 2 3 2 3 
4 2 4 4 0 1 0 0 0 1 0 0 2 4 5 2 0 1 0 0 0 5 0 0 1 0 2 4 2 2 2 2 2 4 4 4 
3 3 1 1 0 0 3 0 0 0 2 0 4 4 3 4 0 0 2 0 0 0 5 0 5 3 0 2 3 3 3 1 2 1 1 2 
3 1 1 1 0 0 0 3 0 0 0 3 4 1 5 4 0 0 0 5 0 0 0 1 5 5 4 0 2 5 3 1 5 2 5 4 
4 0 0 0 1 1 5 2 1 0 0 0 2 0 0 0 3 2 4 1 5 0 0 0 1 3 5 4 0 2 3 5 3 2 1 2 
0 1 0 0 3 4 2 5 0 1 0 0 0 4 0 0 5 5 1 1 0 3 0 0 4 3 3 5 1 0 5 5 2 5 1 3 
0 0 5 0 4 2 2 5 0 0 4 0 0 0 1 0 2 2 3 4 0 0 2 0 5 5 4 2 2 2 0 2 2 1 4 5 
0 0 0 2 4 4 5 3 0 0 0 1 0 0 0 1 4 4 3 4 0 0 0 5 5 2 5 4 1 1 3 0 1 2 5 2 
2 0 0 0 4 0 0 0 3 2 4 3 2 0 0 0 1 0 0 0 2 4 5 1 1 5 1 2 4 2 3 2 0 5 1 1 
0 1 0 0 0 2 0 0 5 3 5 5 0 3 0 0 0 1 0 0 5 4 1 2 5 3 5 2 2 5 4 3 1 0 3 2 
0 0 1 0 0 0 3 0 4 1 5 1 0 0 3 0 0 0 2 0 3 5 3 1 2 4 2 1 5 5 1 5 5 3 0 1 
0 0 0 2 0 0 0 3 3 2 4 1 0 0 0 5 0 0 0 1 1 3 5 5 2 3 3 3 2 2 3 2 2 2 2 0 

1 1 34 9 31 10 
1 2 13 14 
1 3 34 1 0 14 
2 1 14 7 11 8 5 12 
2 2 13 8 10 15 35 15 
3 1 2 8 
3 2 15 6 
3 3 13 1 26 11 
4 1 7 8 24 8 
4 2 5 4 11 11 
4 3 10 7 16 10 
5 1 6 4 13 10 
6 1 8 2 11 4 
6 2 31 2 16 9 
7 1 3 6 18 8 22 11 
8 1 4 1 29 3 14 4 
8 2 3 11 8 13 22 14 
9 1 27 4 22 12 
10 1 1 3 
10 2 34 9 25 12 
10 3 7 7 
11 1 6 2 19 3 10 10 
12 1 25 2 22 9 19 11 
12 2 31 10 
12 3 29 11 
13 1 9 2 24 3 14 6 
13 2 15 13 
14 1 6 7 3 12 21 14 
14 2 8 4 9 6 29 7 
14 3 30 6 21 14 3 15 
15 1 12 6 14 8 24 15 
16 1 18 15 
16 2 32 14 
17 1 21 15 
18 1 10 4 25 9 8 14 
18 2 5 13 
19 1 23 2 20 12 
20 1 33 2 25 9 16 11 
20 2 22 5 4 11 
21 1 29 4 32 9 
22 1 2 2 35 2 34 11 
22 2 31 1 12 5 0 7 
23 1 23 7 
23 2 10 5 14 5 
23 3 30 9 
24 1 9 5 30 11 
24 2 2 5 
25 1 12 10 
26 1 34 10 3 13 12 15 
26 2 31 4 27 6 
26 3 18 4 31 14 
27 1 13 6 6 9 
27 2 19 1 
27 3 1 4 26 5 14 14 
28 1 21 11 
28 2 33 11 30 14 
28 3 14 5 12 6 29 9 
29 1 27 7 0 10 
29 2 24 6 19 13 
30 1 28 2 
31 1 32 13 13 13 
31 2 17 13 
32 1 18 6 30 9 7 11 
32 2 19 9 18 11 
32 3 31 6 6 14 
33 1 0 4 12 14 
34 1 0 4 26 9 5 14 
35 1 1 8 
36 1 12 6 
37 1 8 4 
38 1 32 13 
39 1 30 10 35 10 
40 1 5 4 20 12 
40 2 24 15 
40 3 32 5 19 5 
41 1 30 4 18 8 
41 2 21 14 30 14 
41 3 5 6 29 13 
42 1 31 5 28 5 
43 1 21 13 
43 2 1 7 
43 3 35 8 0 15 22 15 
44 1 19 1 9 2 29 14 
44 2 22 13 9 15 
45 1 34 5 6 8 11 15 
46 1 23 7 
46 2 15 7 27 10 6 15 
46 3 0 8 21 11 26 15 
47 1 5 6 28 10 
47 2 31 10 
48 1 5 8 18 9 
49 1 24 4 21 5 
49 2 26 4 
50 1 23 9 
50 2 27 13 25 15 
51 1 4 7 15 13 9 14 
52 1 10 8 
53 1 18 1 14 3 10 7 
54 1 13 14 
54 2 32 3 
54 3 13 4 8 5 
55 1 30 1 9 5 
55 2 6 2 9 10 35 14 
56 1 31 10 
56 2 7 6 
56 3 32 7 
57 1 27 4 
57 2 34 9 7 12 
57 3 26 4 
58 1 27 1 10 2 15 3 
58 2 19 7 18 10 
58 3 23 1 
59 1 35 5 12 5 31 13 
59 2 33 6 24 8 19 10 
59 3 35 10 27 11 
60 1 32 2 13 4 24 6 
61 1 1 1 
62 1 5 2 
62 2 8 9 
62 3 12 5 
63 1 27 12 13 14 
63 2 5 2 14 3 6 15 
64 1 11 5 
64 2 34 6 
65 1 15 7 0 9 
65 2 16 9 
65 3 1 10 5 15 
66 1 7 11 5 15 
67 1 16 4 10 15 
67 2 30 9 18 15 
68 1 5 11 9 14 
68 2 23 10 
69 1 16 1 33 10 
70 1 14 4 27 5 9 11 
70 2 20 7 1 8 
71 1 5 14 
71 2 27 7 33 7 26 12 
71 3 27 10 32 12 8 15 
72 1 25 7 7 9 28 11 
72 2 16 10 
73 1 10 4 3 5 
73 2 11 3 
73 3 3 8 6 11 7 14 
74 1 18 5 25 6 3 14 
74 2 16 2 
75 1 5 9 34 10 11 13 
75 2 29 12 
75 3 25 8 32 9 31 10 
76 1 6 12 32 14 
76 2 31 12 
76 3 19 3 17 6 25 11 
77 1 30 3 7 10 
77 2 6 8 2 8 
77 3 11 8 33 11 16 12 
78 1 7 11 
78 2 29 4 9 5 1 15 
79 1 0 7 34 9 
80 1 0 2 15 6 35 7 
80 2 16 12 
80 3 28 1 32 4 30 5 
81 1 4 6 
81 2 5 11 34 11 9 14 
81 3 5 9 
82 1 4 1 24 10 12 10 
82 2 5 9 
83 1 20 3 3 11 
84 1 7 5 
85 1 28 6 
85 2 32 3 12 7 34 12 
85 3 12 3 4 4 26 10 
86 1 33 2 25 12 
86 2 26 7 21 12 
87 1 23 3 21 4 
88 1 20 4 1 14 14 15 
88 2 17 3 21 10 
88 3 8 2 28 11 15 15 
89 1 11 10 35 12 
89 2 32 2 34 14 
89 3 35 14 
90 1 19 3 31 5 7 13 
90 2 11 3 29 6 9 14 
91 1 27 6 25 11 
91 2 13 4 18 5 0 8 
91 3 7 5 16 7 
92 1 27 6 33 12 
92 2 10 14 
93 1 21 15 
93 2 35 12 
94 1 23 10 
95 1 31 4 13 12 
95 2 33 3 
95 3 16 5 
96 1 26 6 33 14 
96 2 35 2 17 6 
97 1 22 2 
97 2 12 7 8 10 
98 1 23 6 
98 2 15 4 9 6 3 8 
98 3 0 5 9 11 24 11 
99 1 13 2 5 12 1 12 
99 2 35 1 28 6 6 11 
100 1 34 3 30 8 
100 2 34 2 6 12 
100 3 22 4 20 5 
