10 5 3 
10 8 4 
7 7 5 5 

213 

1 1 1 
1 1 2 
1 1 3 
1 1 4 
1 2 1 
1 2 2 
1 2 3 
1 2 4 
1 3 1 
1 3 2 
1 3 3 
1 3 4 
2 1 1 
2 1 2 
2 1 3 
2 1 4 
2 2 1 
2 2 2 
2 2 3 
2 2 4 
2 3 1 
2 3 2 
2 3 3 
2 3 4 
3 1 1 
3 1 2 
3 1 3 
3 1 4 
3 2 1 
3 2 2 
3 2 3 
3 2 4 
3 3 1 
3 3 2 
3 3 3 
3 3 4 

0 3 3 2 2 2 5 1 4 5 3 5 5 4 2 1 5 0 0 0 3 0 0 0 2 1 3 4 4 0 0 0 2 0 0 0 
4 0 1 4 2 3 5 4 2 2 5 4 2 4 2 3 0 4 0 0 0 2 0 0 3 1 5 4 0 2 0 0 0 4 0 0 
1 3 0 5 2 4 1 4 5 1 5 1 3 4 4 5 0 0 1 0 0 0 2 0 3 3 1 4 0 0 3 0 0 0 2 0 
3 5 5 0 5 3 4 2 3 1 2 4 1 2 3 5 0 0 0 1 0 0 0 4 1 1 4 2 0 0 0 4 0 0 0 3 
3 4 5 2 0 4 3 3 5 1 1 2 2 0 0 0 1 4 4 1 5 0 0 0 1 0 0 0 4 5 4 1 5 0 0 0 
3 2 3 4 2 0 4 2 5 5 5 4 0 1 0 0 3 1 1 5 0 1 0 0 0 2 0 0 2 4 1 2 0 4 0 0 
4 5 2 5 4 4 0 5 5 1 5 4 0 0 1 0 1 3 1 1 0 0 1 0 0 0 5 0 5 4 4 4 0 0 3 0 
2 3 4 3 5 5 2 0 4 1 5 1 0 0 0 3 1 1 5 5 0 0 0 1 0 0 0 5 4 3 5 4 0 0 0 4 
4 4 2 5 1 5 3 1 0 1 1 5 4 0 0 0 3 0 0 0 3 1 4 1 2 0 0 0 2 0 0 0 2 2 2 5 
2 2 1 1 3 5 5 1 3 0 3 1 0 5 0 0 0 4 0 0 1 5 4 3 0 1 0 0 0 1 0 0 3 5 2 5 
5 4 4 2 2 3 1 1 2 4 0 4 0 0 5 0 0 0 3 0 4 5 4 2 0 0 2 0 0 0 5 0 2 5 3 4 
3 2 4 3 5 4 5 1 5 5 4 0 0 0 0 1 0 0 0 5 4 3 2 4 0 0 0 2 0 0 0 5 5 2 3 2 
3 1 2 1 3 0 0 0 5 0 0 0 0 2 2 2 3 1 5 4 2 2 4 5 2 5 5 5 1 0 0 0 1 0 0 0 
4 3 1 4 0 5 0 0 0 3 0 0 5 0 1 1 5 2 2 1 3 1 1 5 4 4 4 1 0 5 0 0 0 1 0 0 
3 3 1 3 0 0 4 0 0 0 3 0 2 5 0 3 5 4 3 4 4 3 5 2 4 4 5 5 0 0 1 0 0 0 1 0 
4 2 1 5 0 0 0 4 0 0 0 3 4 3 1 0 3 2 2 1 2 3 5 5 2 3 3 1 0 0 0 2 0 0 0 1 
5 0 0 0 1 2 5 3 1 0 0 0 3 5 2 1 0 3 3 4 4 3 1 1 1 0 0 0 5 2 5 3 4 0 0 0 
0 3 0 0 2 3 1 1 0 4 0 0 4 3 2 4 5 0 4 3 5 5 5 2 0 5 0 0 4 4 1 4 0 3 0 0 
0 0 4 0 1 4 1 4 0 0 2 0 2 3 4 2 1 2 0 1 5 4 2 5 0 0 2 0 2 4 2 1 0 0 4 0 
0 0 0 1 2 4 1 2 0 0 0 2 1 4 3 4 4 1 3 0 2 1 2 5 0 0 0 4 2 5 3 1 0 0 0 4 
3 0 0 0 4 0 0 0 3 3 3 1 1 4 3 4 3 1 2 4 0 3 5 5 2 0 0 0 5 0 0 0 1 3 2 1 
0 4 0 0 0 5 0 0 3 4 3 4 1 5 3 1 5 5 2 2 1 0 5 1 0 4 0 0 0 2 0 0 4 1 2 1 
0 0 2 0 0 0 4 0 5 2 4 4 4 2 5 1 3 3 2 1 5 3 0 4 0 0 1 0 0 0 2 0 5 4 5 3 
0 0 0 2 0 0 0 4 4 4 5 2 4 2 2 2 1 5 2 2 5 5 2 0 0 0 0 2 0 0 0 2 4 2 5 4 
2 1 1 3 2 0 0 0 3 0 0 0 4 4 4 4 3 0 0 0 4 0 0 0 0 5 5 3 3 4 4 3 2 1 2 4 
3 2 5 5 0 3 0 0 0 4 0 0 5 3 4 3 0 1 0 0 0 1 0 0 5 0 2 1 4 5 5 3 2 5 5 5 
2 4 5 4 0 0 2 0 0 0 3 0 3 5 1 3 0 0 1 0 0 0 2 0 4 5 0 2 4 1 1 4 1 5 5 2 
4 2 3 5 0 0 0 2 0 0 0 3 1 4 2 4 0 0 0 5 0 0 0 4 1 5 1 0 2 5 3 4 3 1 1 1 
4 0 0 0 2 4 1 2 5 0 0 0 5 0 0 0 2 4 5 2 4 0 0 0 1 1 5 5 0 5 2 2 3 5 1 5 
0 4 0 0 1 3 4 5 0 2 0 0 0 5 0 0 3 2 5 5 0 5 0 0 2 2 3 4 5 0 2 4 1 4 5 2 
0 0 2 0 3 4 1 4 0 0 4 0 0 0 1 0 4 5 3 2 0 0 4 0 2 4 1 2 5 3 0 5 5 2 2 3 
0 0 0 5 3 3 4 3 0 0 0 1 0 0 0 2 4 4 3 5 0 0 0 2 5 5 3 2 3 2 1 0 2 1 3 2 
5 0 0 0 5 0 0 0 3 2 1 1 2 0 0 0 2 0 0 0 1 3 3 4 4 5 1 5 5 1 5 5 0 5 2 5 
0 1 0 0 0 3 0 0 4 3 2 5 0 5 0 0 0 1 0 0 1 5 5 5 3 1 1 2 3 2 1 5 3 0 3 2 
0 0 2 0 0 0 3 0 1 1 2 1 0 0 3 0 0 0 3 0 1 3 5 1 3 2 4 2 4 2 4 3 2 4 0 5 
0 0 0 3 0 0 0 3 1 1 5 3 0 0 0 1 0 0 0 3 4 1 3 2 4 4 3 3 4 5 3 5 1 5 5 0 

1 1 10 1 35 14 28 15 
1 2 33 15 
2 1 32 2 21 7 17 14 
2 2 21 1 
2 3 0 13 
3 1 30 4 20 5 21 6 
3 2 35 3 
4 1 0 12 
4 2 33 7 
4 3 20 11 25 13 
5 1 6 6 27 11 32 13 
5 2 3 4 5 9 17 11 
5 3 30 7 34 10 27 12 
6 1 21 11 16 14 
6 2 15 2 3 11 
6 3 9 8 8 8 28 8 
7 1 7 10 
7 2 35 7 3 10 
7 3 8 9 0 15 
8 1 24 2 14 12 22 14 
9 1 25 3 33 13 22 13 
9 2 21 14 
10 1 34 5 
10 2 28 6 20 10 5 13 
10 3 27 5 28 6 34 13 
11 1 15 12 
11 2 10 6 19 13 
12 1 31 5 
12 2 16 8 20 12 
12 3 13 10 31 11 
13 1 0 10 11 15 
13 2 23 15 
14 1 16 8 26 8 34 12 
14 2 30 1 21 4 
14 3 1 1 22 6 
15 1 24 10 35 11 11 13 
16 1 33 3 15 14 
17 1 24 4 4 9 
17 2 31 10 27 15 13 15 
17 3 17 8 
18 1 12 1 33 3 19 7 
18 2 12 7 
18 3 29 6 30 7 9 14 
19 1 26 2 27 4 
19 2 17 5 1 7 5 13 
20 1 4 5 34 7 13 11 
21 1 5 3 16 14 18 15 
21 2 4 6 16 8 5 9 
21 3 16 2 
22 1 15 3 23 14 
22 2 32 9 13 11 
23 1 32 6 29 7 
24 1 14 8 34 8 
24 2 21 8 23 10 8 11 
25 1 1 15 
25 2 24 3 
26 1 30 2 
26 2 25 5 21 12 
27 1 17 2 
28 1 0 3 15 8 
28 2 25 8 
28 3 7 1 4 2 
29 1 33 4 20 15 
30 1 7 8 
30 2 4 9 
30 3 27 7 
31 1 8 8 
31 2 3 15 
31 3 18 13 
32 1 9 15 
32 2 10 3 1 11 7 15 
32 3 9 2 
33 1 26 3 31 4 
33 2 14 1 27 2 13 4 
34 1 34 7 26 9 
34 2 13 10 19 12 21 14 
35 1 25 6 14 6 34 13 
35 2 24 15 22 15 
36 1 25 4 
37 1 32 12 
37 2 7 11 16 14 27 14 
38 1 11 3 
38 2 27 8 
38 3 3 1 0 2 13 10 
39 1 24 7 13 13 
39 2 32 15 
40 1 6 2 31 5 18 13 
40 2 13 3 
41 1 6 12 
41 2 26 13 
41 3 8 6 2 6 23 9 
42 1 24 2 12 2 
42 2 17 8 35 13 
42 3 29 14 
43 1 9 13 
44 1 13 7 
44 2 32 1 28 12 
45 1 9 1 6 12 
45 2 9 4 26 6 31 12 
45 3 17 9 26 9 
46 1 31 1 
46 2 29 3 23 3 13 15 
46 3 3 2 
47 1 5 4 32 6 18 10 
47 2 20 1 19 10 30 14 
47 3 27 3 
48 1 23 3 1 8 
48 2 6 3 14 4 24 15 
49 1 13 7 
49 2 8 4 34 13 
49 3 34 14 8 15 
50 1 34 8 18 9 16 9 
50 2 34 2 29 5 20 8 
51 1 16 10 17 13 5 14 
51 2 15 2 27 4 16 11 
51 3 0 6 
52 1 17 2 28 13 
53 1 34 2 21 10 
53 2 13 6 
53 3 4 8 19 14 
54 1 12 5 0 5 2 11 
54 2 5 2 33 2 
54 3 8 3 22 4 33 9 
55 1 29 1 9 7 25 9 
56 1 8 12 12 13 
57 1 3 2 9 6 23 12 
57 2 27 11 5 15 
58 1 8 12 
58 2 14 8 2 12 
59 1 33 1 34 10 26 15 
59 2 10 2 16 7 
59 3 21 12 2 14 
60 1 24 1 1 13 
61 1 8 5 
62 1 32 1 20 8 10 11 
62 2 5 1 
63 1 18 13 
63 2 9 1 5 11 
64 1 33 1 7 3 26 8 
65 1 23 2 8 11 
66 1 17 10 
67 1 23 6 19 8 6 12 
68 1 6 10 
69 1 1 1 32 7 11 13 
69 2 33 2 17 11 9 14 
69 3 12 3 11 9 22 12 
70 1 27 2 16 10 
70 2 27 3 11 3 1 9 
70 3 4 1 
71 1 28 4 19 10 
71 2 6 2 21 5 35 11 
71 3 12 2 29 4 3 14 
72 1 32 4 19 4 
73 1 33 3 
73 2 33 3 2 6 22 15 
73 3 12 10 
74 1 18 4 15 6 34 6 
74 2 26 7 
75 1 30 2 17 5 12 6 
75 2 15 13 
75 3 7 1 9 11 1 12 
76 1 22 14 11 14 
76 2 28 13 
77 1 23 2 32 3 
77 2 35 2 20 3 
77 3 22 6 32 14 
78 1 11 5 32 8 29 10 
79 1 13 4 0 11 
79 2 22 7 
79 3 18 14 
80 1 23 15 
81 1 19 11 
81 2 35 4 34 9 18 10 
81 3 13 3 
82 1 18 4 
83 1 31 2 33 8 
84 1 5 9 1 11 19 14 
85 1 17 13 
85 2 29 4 
85 3 8 2 
86 1 21 7 
86 2 5 11 
87 1 6 10 
88 1 17 8 
89 1 9 12 
89 2 4 5 15 12 
89 3 33 1 30 15 
90 1 28 5 
90 2 1 1 2 2 32 15 
90 3 21 1 23 13 8 15 
91 1 7 2 24 11 
91 2 2 2 22 10 
91 3 16 6 
92 1 14 3 18 5 30 13 
93 1 26 2 20 6 33 11 
93 2 26 5 32 7 35 9 
93 3 27 4 2 14 
94 1 4 6 0 11 21 15 
94 2 15 15 
95 1 7 15 
95 2 31 5 25 12 
96 1 25 9 
96 2 3 13 
97 1 8 9 
97 2 35 3 30 4 27 5 
97 3 0 7 
98 1 8 12 7 12 6 12 
98 2 29 6 
98 3 16 4 9 8 
99 1 21 5 
100 1 9 4 30 6 2 10 
100 2 25 3 31 7 10 11 
100 3 15 3 