10 5 3 
10 8 4 
7 7 5 5 

134 

1 1 1 
1 1 2 
1 1 3 
1 1 4 
1 2 1 
1 2 2 
1 2 3 
1 2 4 
1 3 1 
1 3 2 
1 3 3 
1 3 4 
2 1 1 
2 1 2 
2 1 3 
2 1 4 
2 2 1 
2 2 2 
2 2 3 
2 2 4 
2 3 1 
2 3 2 
2 3 3 
2 3 4 
3 1 1 
3 1 2 
3 1 3 
3 1 4 
3 2 1 
3 2 2 
3 2 3 
3 2 4 
3 3 1 
3 3 2 
3 3 3 
3 3 4 

0 12 1 12 2 13 11 13 14 4 10 6 13 7 2 9 1 0 0 0 8 0 0 0 15 5 8 10 11 0 0 0 4 0 0 0 
13 0 14 11 2 5 1 7 9 1 11 6 10 1 8 11 0 10 0 0 0 5 0 0 1 8 11 14 0 14 0 0 0 11 0 0 
7 3 0 9 5 14 15 11 3 13 15 9 11 7 8 13 0 0 3 0 0 0 10 0 4 2 2 15 0 0 1 0 0 0 7 0 
15 10 2 0 11 11 14 11 6 8 7 3 5 7 6 13 0 0 0 8 0 0 0 13 8 7 5 9 0 0 0 4 0 0 0 14 
14 3 13 8 0 10 3 15 9 13 1 8 14 0 0 0 13 5 8 8 8 0 0 0 5 0 0 0 8 11 14 10 7 0 0 0 
2 8 4 10 14 0 3 9 7 10 6 3 0 13 0 0 15 1 9 14 0 14 0 0 0 4 0 0 9 2 5 10 0 7 0 0 
14 2 13 15 4 4 0 10 6 2 9 1 0 0 2 0 12 8 3 14 0 0 1 0 0 0 3 0 15 4 7 13 0 0 14 0 
7 13 4 1 14 9 5 0 4 13 13 7 0 0 0 7 4 3 7 5 0 0 0 2 0 0 0 1 14 1 11 1 0 0 0 1 
12 7 5 6 2 13 12 7 0 6 12 15 8 0 0 0 6 0 0 0 6 5 7 12 3 0 0 0 11 0 0 0 3 4 15 10 
5 8 15 10 9 15 5 1 15 0 14 4 0 10 0 0 0 3 0 0 14 9 3 9 0 11 0 0 0 15 0 0 12 12 5 2 
2 4 7 1 3 15 2 6 15 7 0 5 0 0 6 0 0 0 14 0 9 12 10 6 0 0 8 0 0 0 6 0 11 12 13 8 
14 14 10 6 4 8 15 5 1 14 8 0 0 0 0 15 0 0 0 9 10 6 13 5 0 0 0 9 0 0 0 14 14 9 1 1 
9 3 14 11 2 0 0 0 1 0 0 0 0 7 7 14 1 11 9 8 9 12 4 4 10 4 7 13 6 0 0 0 3 0 0 0 
9 5 5 9 0 7 0 0 0 10 0 0 12 0 7 13 2 13 15 15 4 1 12 12 8 11 7 14 0 6 0 0 0 11 0 0 
7 9 14 6 0 0 14 0 0 0 13 0 13 5 0 1 8 3 6 13 5 12 2 6 14 5 2 8 0 0 9 0 0 0 7 0 
12 4 5 8 0 0 0 1 0 0 0 13 5 15 3 0 8 10 4 10 6 15 8 12 1 2 7 8 0 0 0 14 0 0 0 7 
6 0 0 0 6 7 13 8 9 0 0 0 8 4 10 14 0 15 7 7 3 14 3 15 9 0 0 0 9 12 7 5 13 0 0 0 
0 8 0 0 4 11 1 2 0 1 0 0 6 12 11 5 9 0 15 8 12 15 12 4 0 13 0 0 5 7 8 11 0 13 0 0 
0 0 2 0 6 7 4 14 0 0 2 0 15 13 15 13 6 10 0 14 13 8 6 11 0 0 4 0 13 10 15 12 0 0 5 0 
0 0 0 4 2 4 12 2 0 0 0 2 15 4 8 11 2 7 1 0 15 12 4 14 0 0 0 8 2 15 1 10 0 0 0 9 
13 0 0 0 11 0 0 0 13 2 5 15 13 4 15 9 9 6 9 2 0 11 8 15 14 0 0 0 8 0 0 0 2 5 11 4 
0 3 0 0 0 14 0 0 10 3 8 1 13 5 15 6 10 15 3 10 12 0 4 9 0 9 0 0 0 10 0 0 15 2 6 13 
0 0 11 0 0 0 11 0 5 12 15 3 6 9 11 9 2 2 13 1 15 10 0 14 0 0 8 0 0 0 15 0 14 3 5 15 
0 0 0 4 0 0 0 6 6 12 2 1 10 5 4 7 10 6 10 5 2 9 13 0 0 0 0 11 0 0 0 5 12 7 15 13 
10 15 11 10 15 0 0 0 11 0 0 0 6 13 3 3 2 0 0 0 3 0 0 0 0 10 1 2 9 4 11 9 8 12 15 8 
5 3 1 8 0 14 0 0 0 15 0 0 4 1 10 10 0 13 0 0 0 1 0 0 6 0 11 10 3 6 10 8 3 14 6 2 
5 5 2 4 0 0 15 0 0 0 7 0 8 14 14 15 0 0 1 0 0 0 1 0 10 9 0 15 9 8 11 2 15 8 4 2 
15 1 2 11 0 0 0 4 0 0 0 12 10 7 7 8 0 0 0 12 0 0 0 7 11 14 12 0 4 15 12 3 14 15 10 3 
11 0 0 0 1 2 15 3 5 0 0 0 1 0 0 0 13 11 9 2 10 0 0 0 5 1 8 11 0 2 1 3 15 11 15 9 
0 11 0 0 1 4 14 11 0 9 0 0 0 8 0 0 6 10 6 6 0 4 0 0 11 15 15 3 3 0 5 8 2 6 8 9 
0 0 5 0 1 12 12 1 0 0 2 0 0 0 4 0 5 1 1 14 0 0 4 0 7 15 2 3 14 5 0 5 3 7 1 11 
0 0 0 5 4 1 11 1 0 0 0 12 0 0 0 10 2 12 2 10 0 0 0 14 2 10 14 8 3 8 1 0 6 1 4 5 
4 0 0 0 13 0 0 0 4 6 5 11 12 0 0 0 1 0 0 0 10 10 14 11 3 5 10 8 11 14 8 9 0 3 10 2 
0 9 0 0 0 14 0 0 14 9 9 3 0 7 0 0 0 4 0 0 8 1 15 11 7 13 11 15 7 1 8 7 3 0 7 2 
0 0 1 0 0 0 7 0 7 9 11 9 0 0 11 0 0 0 3 0 14 9 11 7 11 12 13 8 5 3 9 15 1 11 0 15 
0 0 0 2 0 0 0 9 13 4 9 11 0 0 0 14 0 0 0 4 1 8 13 12 6 8 5 14 12 6 3 1 3 5 11 0 

1 1 16 16 
2 1 3 11 26 15 
2 2 12 14 9 25 10 47 
2 3 13 34 16 39 
3 1 23 15 1 16 3 27 
4 1 3 15 
4 2 28 34 14 43 
4 3 7 20 26 21 
5 1 31 1 26 44 
6 1 26 22 35 31 30 36 
7 1 33 40 
7 2 15 4 
7 3 26 3 13 15 
8 1 32 33 
8 2 27 6 5 36 
8 3 30 23 21 30 
9 1 17 15 24 40 
9 2 26 15 0 49 
9 3 28 45 
10 1 31 12 
11 1 31 18 3 37 
11 2 13 6 3 30 8 44 
12 1 24 9 34 33 11 44 
12 2 16 20 5 30 8 38 
12 3 2 42 
13 1 35 32 
13 2 1 33 26 42 
13 3 20 25 
14 1 22 27 16 31 
14 2 31 9 1 24 
14 3 15 13 3 18 4 28 
15 1 22 11 11 18 17 44 
15 2 20 10 0 28 18 41 
15 3 27 5 2 38 
16 1 31 38 23 38 
16 2 14 3 21 49 
16 3 8 4 
17 1 5 4 26 23 
17 2 19 8 12 23 0 43 
17 3 2 5 21 28 
18 1 20 13 1 30 
18 2 32 3 5 37 
18 3 26 13 3 45 
19 1 15 45 
19 2 23 4 34 24 
20 1 9 4 
20 2 6 24 18 43 
20 3 28 12 27 14 14 42 
21 1 23 14 
21 2 6 42 
21 3 21 3 3 19 8 47 
22 1 2 12 29 15 21 23 
22 2 27 4 
22 3 22 5 2 30 1 33 
23 1 10 11 13 41 
23 2 2 27 5 48 
24 1 12 42 
25 1 24 4 
25 2 9 31 10 42 
26 1 30 26 
27 1 15 10 2 23 
28 1 27 5 19 13 31 50 
28 2 20 50 
29 1 13 44 
29 2 3 22 20 42 9 49 
29 3 34 43 
30 1 25 29 
31 1 29 1 
31 2 10 21 
31 3 35 15 
32 1 32 4 6 44 9 47 
33 1 18 42 
33 2 4 19 
33 3 31 24 6 45 
34 1 8 2 2 27 
34 2 2 39 29 46 
35 1 8 8 4 31 
35 2 35 34 
36 1 25 12 33 33 
36 2 14 4 28 10 
36 3 32 6 
37 1 1 10 4 16 
38 1 21 17 7 30 27 35 
38 2 21 19 2 20 10 41 
39 1 10 27 
39 2 29 5 14 47 
39 3 28 29 2 30 30 48 
40 1 7 26 27 47 
40 2 24 29 22 29 
41 1 23 1 31 8 15 25 
41 2 7 8 13 19 29 39 
41 3 14 2 34 15 32 18 
42 1 9 16 34 37 
42 2 30 19 34 29 
43 1 24 11 29 12 6 40 
43 2 10 39 
44 1 13 22 
44 2 8 7 23 20 28 40 
45 1 0 3 32 22 
46 1 22 6 29 25 16 29 
46 2 23 35 26 46 
47 1 2 46 
47 2 23 25 9 41 
47 3 32 6 31 39 
48 1 13 28 12 49 
48 2 35 6 25 32 32 50 
49 1 9 15 1 42 
49 2 25 41 18 50 
50 1 21 35 
50 2 8 36 
50 3 32 32 
51 1 0 27 
51 2 14 3 
52 1 12 30 19 34 28 34 
52 2 27 50 
52 3 20 1 25 30 0 49 
53 1 29 3 2 39 16 45 
53 2 34 12 
54 1 27 17 7 46 
54 2 8 30 23 49 
54 3 24 10 
55 1 16 3 29 36 18 49 
56 1 7 16 17 16 16 25 
56 2 30 20 
56 3 12 28 19 37 
57 1 21 36 6 42 
57 2 21 1 33 44 
57 3 24 26 11 29 25 30 
58 1 31 7 33 31 
58 2 12 44 
59 1 25 11 
60 1 28 23 
60 2 28 30 2 36 
60 3 11 11 28 49 