10 5 3 
10 8 4 
7 7 5 5 

118 

1 1 1 
1 1 2 
1 1 3 
1 1 4 
1 2 1 
1 2 2 
1 2 3 
1 2 4 
1 3 1 
1 3 2 
1 3 3 
1 3 4 
2 1 1 
2 1 2 
2 1 3 
2 1 4 
2 2 1 
2 2 2 
2 2 3 
2 2 4 
2 3 1 
2 3 2 
2 3 3 
2 3 4 
3 1 1 
3 1 2 
3 1 3 
3 1 4 
3 2 1 
3 2 2 
3 2 3 
3 2 4 
3 3 1 
3 3 2 
3 3 3 
3 3 4 

0 13 12 4 3 3 3 8 6 3 6 6 11 4 4 3 6 0 0 0 9 0 0 0 8 14 10 4 3 0 0 0 14 0 0 0 
11 0 2 5 4 9 5 5 9 2 4 13 6 2 8 12 0 13 0 0 0 8 0 0 11 7 11 7 0 6 0 0 0 6 0 0 
3 14 0 11 13 7 4 6 6 7 3 15 11 1 2 11 0 0 8 0 0 0 4 0 7 12 10 6 0 0 14 0 0 0 14 0 
4 1 5 0 1 2 6 11 2 11 8 1 15 7 6 12 0 0 0 7 0 0 0 8 12 7 9 12 0 0 0 15 0 0 0 12 
15 13 3 9 0 13 10 12 7 11 15 10 6 0 0 0 7 7 11 3 11 0 0 0 13 0 0 0 8 5 10 8 13 0 0 0 
11 8 15 7 10 0 6 12 10 13 12 10 0 15 0 0 1 3 11 9 0 6 0 0 0 5 0 0 11 7 13 11 0 5 0 0 
13 13 11 2 8 4 0 11 14 14 14 15 0 0 14 0 3 15 2 4 0 0 9 0 0 0 1 0 8 5 8 8 0 0 14 0 
5 15 1 14 6 14 11 0 13 1 11 8 0 0 0 7 14 11 5 8 0 0 0 8 0 0 0 7 5 11 7 11 0 0 0 3 
13 2 10 12 11 1 8 14 0 9 9 7 12 0 0 0 1 0 0 0 7 10 10 4 9 0 0 0 12 0 0 0 5 13 3 13 
5 12 7 6 10 9 14 12 7 0 11 5 0 8 0 0 0 2 0 0 14 3 6 5 0 15 0 0 0 6 0 0 8 7 7 7 
15 12 14 10 12 15 7 2 12 15 0 4 0 0 4 0 0 0 12 0 6 10 13 3 0 0 9 0 0 0 6 0 8 10 8 12 
11 9 12 1 2 8 11 6 3 2 10 0 0 0 0 7 0 0 0 6 9 3 6 13 0 0 0 6 0 0 0 2 14 8 15 14 
11 12 4 8 7 0 0 0 3 0 0 0 0 11 8 3 6 2 2 2 6 15 9 3 11 6 10 9 10 0 0 0 1 0 0 0 
4 12 9 8 0 7 0 0 0 8 0 0 3 0 1 5 3 13 4 12 15 4 11 7 1 9 3 15 0 4 0 0 0 11 0 0 
6 10 8 13 0 0 11 0 0 0 9 0 12 4 0 10 15 4 7 4 11 4 13 14 5 11 15 5 0 0 7 0 0 0 2 0 
13 5 1 6 0 0 0 3 0 0 0 5 6 4 8 0 15 9 9 10 11 14 9 1 15 15 5 10 0 0 0 10 0 0 0 8 
2 0 0 0 4 8 1 8 12 0 0 0 14 1 9 14 0 12 15 14 4 8 13 13 1 0 0 0 12 3 12 4 5 0 0 0 
0 2 0 0 7 7 9 8 0 1 0 0 5 13 12 3 7 0 2 3 10 7 3 5 0 4 0 0 3 10 15 8 0 10 0 0 
0 0 11 0 9 3 13 10 0 0 3 0 1 3 9 1 1 14 0 5 5 6 12 6 0 0 12 0 12 1 15 10 0 0 7 0 
0 0 0 12 15 8 8 1 0 0 0 14 8 11 9 4 2 5 2 0 9 6 14 12 0 0 0 2 15 2 7 15 0 0 0 5 
12 0 0 0 13 0 0 0 4 10 2 3 13 11 10 2 8 8 6 4 0 5 2 15 6 0 0 0 3 0 0 0 15 10 6 1 
0 9 0 0 0 6 0 0 9 14 1 5 3 1 15 14 14 15 10 9 14 0 10 4 0 12 0 0 0 14 0 0 9 3 10 3 
0 0 4 0 0 0 8 0 13 1 8 4 6 13 1 15 7 1 9 13 5 4 0 10 0 0 6 0 0 0 6 0 14 6 14 2 
0 0 0 13 0 0 0 10 14 8 10 11 10 15 15 6 1 4 8 6 9 10 11 0 0 0 0 4 0 0 0 15 4 4 15 5 
11 1 10 2 2 0 0 0 6 0 0 0 11 9 6 13 13 0 0 0 3 0 0 0 0 13 5 4 15 9 9 2 7 8 3 15 
14 6 7 4 0 2 0 0 0 13 0 0 3 7 7 5 0 13 0 0 0 4 0 0 7 0 1 10 10 13 14 15 13 6 11 4 
11 2 13 14 0 0 12 0 0 0 13 0 6 7 13 13 0 0 4 0 0 0 13 0 11 7 0 1 5 4 6 13 4 1 15 5 
15 3 11 8 0 0 0 4 0 0 0 7 9 5 1 2 0 0 0 8 0 0 0 10 4 8 1 0 2 6 2 9 9 15 3 2 
5 0 0 0 5 7 9 15 4 0 0 0 7 0 0 0 15 4 2 6 12 0 0 0 10 7 7 14 0 7 13 15 4 11 6 11 
0 12 0 0 3 6 13 10 0 14 0 0 0 13 0 0 8 9 2 8 0 11 0 0 3 1 2 6 11 0 1 6 10 13 3 3 
0 0 12 0 9 12 1 7 0 0 4 0 0 0 3 0 15 10 3 7 0 0 1 0 1 2 10 6 15 2 0 11 15 5 13 5 
0 0 0 10 11 11 1 4 0 0 0 11 0 0 0 2 7 10 9 13 0 0 0 3 12 4 4 7 4 3 12 0 14 1 8 9 
6 0 0 0 7 0 0 0 1 12 14 3 15 0 0 0 7 0 0 0 3 9 3 10 15 15 7 13 14 3 1 13 0 4 9 14 
0 7 0 0 0 13 0 0 10 3 2 8 0 4 0 0 0 13 0 0 7 11 12 12 7 12 15 15 3 7 15 6 11 0 3 14 
0 0 9 0 0 0 15 0 15 14 8 15 0 0 8 0 0 0 2 0 3 11 8 11 14 10 14 10 9 4 1 9 13 13 0 4 
0 0 0 14 0 0 0 12 7 4 4 7 0 0 0 3 0 0 0 2 8 7 4 6 5 13 3 5 7 6 7 6 15 11 8 0 

1 1 34 5 1 16 6 32 
2 1 32 9 31 35 
2 2 27 12 
2 3 9 5 12 15 14 17 
3 1 35 10 25 39 
4 1 17 32 28 49 
5 1 21 4 11 27 7 38 
5 2 11 34 28 41 
5 3 17 21 28 36 
6 1 15 26 
6 2 15 40 33 45 
7 1 14 36 
7 2 28 44 
8 1 20 10 29 19 9 28 
8 2 17 4 25 41 9 43 
8 3 29 34 
9 1 4 30 3 30 
9 2 14 9 
10 1 22 38 
11 1 34 7 15 34 7 49 
11 2 5 10 3 38 
11 3 25 10 28 32 
12 1 26 15 
12 2 22 24 
12 3 30 40 
13 1 16 6 34 6 
14 1 19 13 1 21 2 44 
14 2 18 21 5 31 
14 3 14 1 13 39 
15 1 33 32 
15 2 9 23 
15 3 22 2 
16 1 11 12 
16 2 7 3 12 26 34 48 
17 1 18 42 
18 1 17 1 12 2 
19 1 6 25 2 31 20 42 
19 2 7 21 35 23 29 44 
20 1 33 6 3 49 
21 1 17 9 9 37 15 42 
22 1 27 28 15 34 13 41 
22 2 11 26 
22 3 13 26 
23 1 1 6 7 22 
24 1 27 25 7 43 
25 1 22 31 
25 2 0 2 20 4 1 7 
26 1 11 12 3 16 17 48 
26 2 17 6 
26 3 17 31 8 40 6 42 
27 1 15 31 9 34 
28 1 21 3 24 40 
29 1 12 14 
29 2 24 28 6 31 
29 3 1 26 
30 1 28 2 19 7 
30 2 15 1 
30 3 34 38 
31 1 8 50 
31 2 16 22 6 48 
31 3 28 8 
32 1 3 10 22 35 9 48 
32 2 4 33 
32 3 8 25 3 35 15 48 
33 1 34 2 
33 2 20 16 7 26 0 45 
34 1 30 23 24 28 
34 2 6 13 
35 1 17 34 20 42 
35 2 10 5 
35 3 6 35 
36 1 9 8 19 11 
36 2 17 42 
37 1 13 17 16 20 20 42 
38 1 20 1 14 25 26 41 
38 2 29 21 1 27 10 46 
39 1 34 18 
40 1 26 13 20 37 31 43 
40 2 13 5 34 31 0 44 
41 1 27 14 29 35 
41 2 18 31 26 42 
41 3 29 32 
42 1 9 9 27 10 3 25 
43 1 18 32 17 36 
43 2 11 37 34 44 
43 3 24 11 16 44 
44 1 29 49 
44 2 5 27 
45 1 0 18 15 19 8 37 
46 1 33 25 
46 2 21 4 19 26 
47 1 9 15 19 49 
47 2 5 18 
48 1 19 5 3 11 34 30 
48 2 18 6 
48 3 10 5 23 48 
49 1 12 6 14 13 
49 2 4 13 21 14 9 42 
50 1 27 2 11 26 
51 1 23 25 6 34 21 47 
51 2 23 11 
51 3 0 15 
52 1 6 3 
52 2 27 15 
53 1 15 7 
54 1 35 41 
54 2 17 5 28 31 
54 3 2 7 28 19 
55 1 19 16 18 39 7 49 
56 1 19 39 26 39 34 39 
57 1 1 11 
57 2 35 12 
58 1 20 22 23 37 
58 2 10 15 34 38 
58 3 2 8 
59 1 3 17 
60 1 25 4 16 19 7 25 
60 2 22 26 11 38 
