10 5 3 
10 8 4 
7 7 5 5 

123 

1 1 1 
1 1 2 
1 1 3 
1 1 4 
1 2 1 
1 2 2 
1 2 3 
1 2 4 
1 3 1 
1 3 2 
1 3 3 
1 3 4 
2 1 1 
2 1 2 
2 1 3 
2 1 4 
2 2 1 
2 2 2 
2 2 3 
2 2 4 
2 3 1 
2 3 2 
2 3 3 
2 3 4 
3 1 1 
3 1 2 
3 1 3 
3 1 4 
3 2 1 
3 2 2 
3 2 3 
3 2 4 
3 3 1 
3 3 2 
3 3 3 
3 3 4 

0 14 1 8 12 11 13 11 9 1 5 10 3 7 4 1 14 0 0 0 15 0 0 0 6 5 12 8 4 0 0 0 5 0 0 0 
9 0 3 4 1 14 14 1 5 6 9 2 6 15 8 15 0 8 0 0 0 6 0 0 5 1 7 1 0 9 0 0 0 10 0 0 
4 6 0 5 15 3 13 5 5 7 13 3 11 9 13 10 0 0 2 0 0 0 13 0 5 8 8 3 0 0 15 0 0 0 15 0 
3 9 6 0 10 7 10 3 6 6 4 2 8 1 7 11 0 0 0 1 0 0 0 14 12 13 4 10 0 0 0 2 0 0 0 6 
14 6 6 3 0 5 12 8 3 1 6 8 15 0 0 0 15 8 3 8 14 0 0 0 14 0 0 0 11 8 11 13 2 0 0 0 
10 10 3 9 3 0 9 11 8 14 4 12 0 14 0 0 2 10 4 1 0 6 0 0 0 6 0 0 1 5 13 2 0 15 0 0 
6 2 10 6 5 4 0 9 4 12 8 3 0 0 10 0 6 11 8 2 0 0 14 0 0 0 8 0 3 6 15 10 0 0 12 0 
6 7 8 10 7 8 15 0 10 4 13 6 0 0 0 7 8 9 4 10 0 0 0 6 0 0 0 3 7 10 12 14 0 0 0 15 
12 12 9 3 3 4 14 13 0 10 13 13 3 0 0 0 6 0 0 0 8 11 4 1 13 0 0 0 12 0 0 0 10 5 4 7 
12 8 3 6 13 7 15 10 3 0 10 6 0 5 0 0 0 13 0 0 2 3 9 12 0 6 0 0 0 10 0 0 8 3 8 7 
9 7 5 8 15 12 6 5 7 8 0 11 0 0 2 0 0 0 3 0 2 8 12 9 0 0 15 0 0 0 1 0 9 13 1 14 
11 14 8 11 1 8 15 11 5 6 10 0 0 0 0 7 0 0 0 4 11 2 6 10 0 0 0 5 0 0 0 13 3 8 4 10 
9 13 14 8 1 0 0 0 14 0 0 0 0 7 13 15 13 7 7 8 9 12 10 10 5 6 1 4 8 0 0 0 10 0 0 0 
13 9 10 7 0 3 0 0 0 5 0 0 7 0 11 2 6 12 7 5 12 9 1 13 5 12 1 9 0 11 0 0 0 1 0 0 
4 10 4 13 0 0 15 0 0 0 15 0 4 1 0 12 15 10 13 7 10 2 13 13 3 8 14 9 0 0 13 0 0 0 14 0 
14 10 1 4 0 0 0 9 0 0 0 6 7 12 11 0 7 5 14 1 12 6 12 14 2 7 8 13 0 0 0 12 0 0 0 8 
14 0 0 0 13 10 3 8 10 0 0 0 13 7 5 5 0 4 1 15 14 3 14 2 2 0 0 0 6 3 2 4 5 0 0 0 
0 8 0 0 7 9 12 12 0 13 0 0 6 9 1 13 1 0 10 13 9 3 15 4 0 5 0 0 14 9 3 8 0 4 0 0 
0 0 15 0 2 7 10 15 0 0 15 0 12 10 12 1 11 1 0 5 14 8 13 7 0 0 2 0 4 12 15 1 0 0 10 0 
0 0 0 2 2 2 5 6 0 0 0 15 9 4 10 8 9 5 7 0 13 8 2 9 0 0 0 15 7 8 11 1 0 0 0 3 
5 0 0 0 6 0 0 0 12 8 7 13 6 10 9 13 6 8 15 8 0 8 9 14 3 0 0 0 2 0 0 0 9 12 6 15 
0 15 0 0 0 13 0 0 2 9 7 14 11 14 3 13 12 8 6 14 4 0 15 10 0 6 0 0 0 9 0 0 3 7 11 12 
0 0 6 0 0 0 4 0 8 6 1 3 14 7 4 7 10 15 9 5 8 10 0 2 0 0 5 0 0 0 3 0 5 4 6 4 
0 0 0 10 0 0 0 7 1 14 7 7 3 8 7 13 8 15 4 14 4 5 4 0 0 0 0 13 0 0 0 1 4 12 11 3 
13 15 11 5 13 0 0 0 1 0 0 0 14 3 6 2 2 0 0 0 1 0 0 0 0 6 11 12 3 15 13 5 1 8 8 8 
12 4 1 13 0 11 0 0 0 11 0 0 8 9 9 2 0 14 0 0 0 15 0 0 8 0 15 12 7 5 5 15 9 14 7 4 
10 6 7 5 0 0 7 0 0 0 12 0 11 8 11 13 0 0 1 0 0 0 13 0 12 12 0 7 14 4 15 15 14 5 14 15 
11 4 10 9 0 0 0 6 0 0 0 11 13 7 9 4 0 0 0 15 0 0 0 1 9 12 10 0 1 3 5 9 13 9 2 4 
1 0 0 0 11 10 9 10 7 0 0 0 6 0 0 0 12 4 3 3 9 0 0 0 10 6 14 13 0 5 7 8 3 11 6 9 
0 15 0 0 14 12 14 5 0 2 0 0 0 12 0 0 11 7 15 9 0 8 0 0 9 13 12 3 9 0 11 14 10 11 2 6 
0 0 7 0 9 8 15 1 0 0 10 0 0 0 6 0 8 7 7 13 0 0 11 0 13 15 6 10 6 3 0 8 13 7 14 8 
0 0 0 13 14 15 6 14 0 0 0 14 0 0 0 8 4 3 14 9 0 0 0 15 1 5 3 2 14 3 4 0 8 6 10 10 
14 0 0 0 15 0 0 0 13 13 12 13 7 0 0 0 5 0 0 0 11 5 4 12 7 6 11 1 15 13 15 8 0 6 8 1 
0 2 0 0 0 7 0 0 4 4 13 6 0 1 0 0 0 2 0 0 6 6 6 5 7 1 6 12 9 3 5 11 6 0 1 12 
0 0 2 0 0 0 4 0 15 9 3 12 0 0 7 0 0 0 12 0 4 10 15 6 7 11 11 7 9 11 6 10 9 5 0 6 
0 0 0 7 0 0 0 15 2 9 9 8 0 0 0 12 0 0 0 7 1 13 10 7 1 1 12 13 9 14 2 9 1 1 2 0 

1 1 6 19 18 26 11 37 
1 2 16 10 32 17 4 45 
1 3 34 37 
2 1 22 21 14 38 
2 2 25 4 32 39 
3 1 11 23 27 31 21 36 
3 2 30 16 
3 3 10 37 23 49 26 50 
4 1 29 12 13 28 24 44 
5 1 7 46 
5 2 25 1 21 9 23 33 
5 3 4 11 24 11 27 22 
6 1 3 10 13 38 25 48 
6 2 19 23 24 24 16 47 
7 1 20 2 2 18 35 34 
7 2 15 31 18 40 
8 1 4 34 11 38 34 43 
8 2 32 1 6 19 2 37 
9 1 10 17 32 27 15 32 
9 2 3 17 14 29 1 49 
10 1 21 13 15 14 5 48 
10 2 6 10 
10 3 27 18 1 41 
11 1 32 1 34 16 
12 1 11 31 29 33 2 49 
12 2 33 24 35 37 
12 3 30 16 28 20 
13 1 17 35 
14 1 25 16 33 32 
14 2 9 25 
14 3 25 1 13 6 19 34 
15 1 0 8 31 48 
15 2 0 1 5 2 30 43 
15 3 0 2 21 17 33 44 
16 1 13 8 33 8 10 34 
16 2 35 17 3 21 
17 1 3 6 22 36 23 49 
17 2 9 14 
18 1 11 24 29 29 12 29 
19 1 1 19 
20 1 32 50 
20 2 28 24 
20 3 25 13 27 15 22 41 
21 1 10 44 18 46 
21 2 6 27 
22 1 10 16 14 46 
23 1 6 35 
24 1 28 22 34 36 
25 1 21 10 
25 2 9 1 4 11 30 44 
26 1 8 4 31 17 
26 2 29 4 28 8 
27 1 28 5 13 45 
27 2 28 4 34 33 22 46 
27 3 5 2 29 10 
28 1 22 14 29 27 32 41 
28 2 35 29 
28 3 33 18 
29 1 23 45 
30 1 10 13 25 28 28 38 
31 1 20 28 
32 1 5 3 
32 2 8 3 4 24 
32 3 30 18 
33 1 35 8 1 10 
34 1 24 6 
34 2 6 22 7 34 
34 3 35 50 
35 1 26 18 22 48 
36 1 8 18 23 24 4 40 
37 1 3 13 6 22 34 49 
38 1 21 18 
39 1 19 3 34 11 35 27 
39 2 6 18 3 24 
39 3 21 19 
40 1 5 14 
40 2 2 2 32 7 13 19 
40 3 15 38 13 47 
41 1 28 48 
41 2 2 7 
41 3 1 10 31 34 27 46 
42 1 13 13 33 48 
43 1 16 23 13 30 
44 1 31 21 
44 2 24 9 26 37 30 43 
44 3 7 36 6 49 
45 1 8 6 4 12 15 39 
45 2 23 5 
45 3 32 17 
46 1 5 32 
46 2 7 5 1 34 22 46 
46 3 16 22 
47 1 26 22 
48 1 34 3 6 26 
48 2 20 7 33 24 32 50 
48 3 28 19 15 48 
49 1 33 1 29 50 
49 2 11 6 12 18 
50 1 20 42 
50 2 34 16 12 44 
50 3 25 10 13 46 
51 1 31 5 25 19 
51 2 14 40 25 41 1 50 
51 3 25 42 
52 1 26 23 6 49 1 50 
52 2 21 31 
53 1 3 2 24 22 26 41 
54 1 35 2 13 18 17 48 
54 2 27 37 33 45 4 49 
54 3 22 28 0 29 34 49 
55 1 6 35 
55 2 7 5 15 28 34 49 
55 3 20 5 17 48 
56 1 1 8 8 30 
57 1 4 12 32 14 0 21 
58 1 18 13 
58 2 9 3 11 12 22 40 
58 3 30 4 20 44 
59 1 9 12 10 16 35 35 
59 2 7 32 
60 1 28 33 
60 2 31 17 
60 3 27 17 28 22 