10 5 3 
10 8 4 
7 7 5 5 

114 

1 1 1 
1 1 2 
1 1 3 
1 1 4 
1 2 1 
1 2 2 
1 2 3 
1 2 4 
1 3 1 
1 3 2 
1 3 3 
1 3 4 
2 1 1 
2 1 2 
2 1 3 
2 1 4 
2 2 1 
2 2 2 
2 2 3 
2 2 4 
2 3 1 
2 3 2 
2 3 3 
2 3 4 
3 1 1 
3 1 2 
3 1 3 
3 1 4 
3 2 1 
3 2 2 
3 2 3 
3 2 4 
3 3 1 
3 3 2 
3 3 3 
3 3 4 

0 8 11 3 3 5 8 6 6 14 15 11 12 15 8 14 4 0 0 0 15 0 0 0 8 8 12 15 2 0 0 0 10 0 0 0 
14 0 13 14 13 11 8 12 14 2 2 5 14 8 12 4 0 1 0 0 0 13 0 0 2 13 9 7 0 7 0 0 0 11 0 0 
6 12 0 9 1 6 2 8 8 4 10 1 10 2 9 10 0 0 9 0 0 0 10 0 15 9 12 5 0 0 7 0 0 0 14 0 
12 12 8 0 3 2 4 4 9 9 15 5 9 15 13 12 0 0 0 8 0 0 0 6 7 3 14 4 0 0 0 2 0 0 0 5 
1 9 8 5 0 8 5 8 6 8 8 15 15 0 0 0 15 2 1 8 2 0 0 0 10 0 0 0 9 11 9 6 5 0 0 0 
3 1 15 4 7 0 3 2 15 6 2 4 0 6 0 0 8 10 10 3 0 4 0 0 0 10 0 0 11 15 12 8 0 14 0 0 
3 7 13 1 15 4 0 8 11 7 6 4 0 0 13 0 15 15 13 10 0 0 12 0 0 0 5 0 14 8 8 11 0 0 13 0 
9 8 9 5 3 4 2 0 3 3 6 4 0 0 0 6 9 8 7 7 0 0 0 4 0 0 0 14 15 13 8 9 0 0 0 9 
3 1 4 14 15 13 14 13 0 6 8 9 14 0 0 0 13 0 0 0 9 5 3 8 3 0 0 0 5 0 0 0 4 4 2 13 
8 7 11 6 7 1 7 9 12 0 3 8 0 4 0 0 0 12 0 0 4 14 4 7 0 10 0 0 0 8 0 0 10 14 7 6 
3 10 1 1 9 3 13 9 12 2 0 1 0 0 10 0 0 0 9 0 9 8 5 12 0 0 4 0 0 0 6 0 4 8 7 11 
12 10 3 5 10 7 3 10 14 1 1 0 0 0 0 12 0 0 0 4 1 6 15 2 0 0 0 4 0 0 0 15 6 2 12 5 
8 11 10 4 2 0 0 0 10 0 0 0 0 15 11 13 10 13 8 10 6 10 6 15 3 15 6 8 15 0 0 0 12 0 0 0 
5 12 6 3 0 7 0 0 0 8 0 0 5 0 12 14 10 2 15 15 9 2 4 2 5 7 6 15 0 6 0 0 0 9 0 0 
13 10 4 2 0 0 4 0 0 0 3 0 10 10 0 9 9 3 10 3 6 7 14 8 11 1 5 11 0 0 3 0 0 0 5 0 
8 5 6 14 0 0 0 4 0 0 0 5 15 13 1 0 3 13 4 4 4 1 8 10 15 5 3 1 0 0 0 7 0 0 0 4 
2 0 0 0 3 13 14 10 11 0 0 0 14 8 5 7 0 11 4 4 1 14 11 11 5 0 0 0 2 15 5 3 3 0 0 0 
0 6 0 0 4 1 8 9 0 11 0 0 14 15 8 10 14 0 5 12 11 1 1 3 0 6 0 0 14 1 10 13 0 14 0 0 
0 0 2 0 6 6 11 8 0 0 15 0 5 1 10 3 9 3 0 2 3 4 12 7 0 0 12 0 3 5 13 2 0 0 13 0 
0 0 0 6 3 13 11 2 0 0 0 6 15 10 13 8 5 10 14 0 11 3 4 9 0 0 0 14 8 6 10 14 0 0 0 10 
3 0 0 0 1 0 0 0 13 10 3 2 8 14 2 11 14 9 3 9 0 4 8 9 10 0 0 0 4 0 0 0 4 8 3 12 
0 14 0 0 0 13 0 0 7 1 4 8 14 7 12 1 6 4 14 11 2 0 15 6 0 8 0 0 0 5 0 0 8 8 12 15 
0 0 5 0 0 0 3 0 9 14 9 13 1 14 13 1 2 14 2 2 13 11 0 12 0 0 1 0 0 0 2 0 5 2 6 14 
0 0 0 1 0 0 0 8 14 1 13 10 14 13 8 4 12 10 8 1 15 13 4 0 0 0 0 11 0 0 0 12 5 4 7 15 
7 6 11 3 13 0 0 0 5 0 0 0 13 10 8 1 7 0 0 0 1 0 0 0 0 6 2 5 10 2 3 7 7 15 14 14 
7 1 11 7 0 3 0 0 0 2 0 0 11 4 10 14 0 3 0 0 0 9 0 0 4 0 1 11 2 3 8 11 13 1 3 8 
14 8 14 12 0 0 2 0 0 0 3 0 8 15 11 7 0 0 6 0 0 0 8 0 7 14 0 12 3 7 14 2 10 14 5 8 
10 13 10 5 0 0 0 9 0 0 0 5 11 13 9 4 0 0 0 12 0 0 0 9 13 15 2 0 9 8 5 6 7 7 10 12 
12 0 0 0 1 3 1 12 9 0 0 0 12 0 0 0 6 1 7 2 10 0 0 0 15 8 1 3 0 1 11 1 15 2 14 6 
0 14 0 0 6 14 11 9 0 6 0 0 0 10 0 0 3 14 14 4 0 15 0 0 10 3 9 4 11 0 11 1 4 14 8 9 
0 0 1 0 12 8 13 5 0 0 15 0 0 0 5 0 5 11 3 9 0 0 2 0 3 4 13 9 2 9 0 14 5 14 3 6 
0 0 0 13 14 1 10 7 0 0 0 8 0 0 0 3 11 1 15 15 0 0 0 13 13 6 15 8 7 15 9 0 2 8 15 9 
9 0 0 0 14 0 0 0 2 7 6 6 5 0 0 0 9 0 0 0 12 5 8 3 10 15 7 6 4 14 15 7 0 2 7 11 
0 11 0 0 0 11 0 0 11 6 9 8 0 4 0 0 0 15 0 0 8 7 15 11 14 9 15 7 8 9 15 2 14 0 6 15 
0 0 10 0 0 0 7 0 11 7 7 6 0 0 6 0 0 0 12 0 6 1 9 9 12 14 1 6 2 4 12 11 12 9 0 10 
0 0 0 11 0 0 0 9 8 15 9 8 0 0 0 9 0 0 0 4 14 11 14 7 7 11 7 13 7 13 1 14 2 14 5 0 

1 1 7 28 
1 2 32 11 14 29 27 38 
2 1 14 5 17 20 
2 2 11 2 14 46 
3 1 20 24 
4 1 0 26 35 28 
4 2 25 23 
4 3 29 37 18 44 
5 1 13 10 1 41 
6 1 17 19 
6 2 34 40 
7 1 13 16 23 26 26 29 
8 1 16 4 31 28 7 42 
9 1 10 46 
9 2 2 8 22 32 30 41 
10 1 1 26 
11 1 29 4 2 38 
12 1 23 21 8 23 26 45 
12 2 31 26 
13 1 26 20 
14 1 28 3 4 27 26 49 
14 2 33 5 
14 3 34 2 23 20 27 47 
15 1 29 6 20 17 9 32 
16 1 14 2 
16 2 30 21 12 49 
16 3 12 45 
17 1 7 6 10 9 
18 1 27 18 11 23 34 38 
19 1 17 22 9 33 25 37 
19 2 30 13 
20 1 2 7 15 8 14 41 
20 2 31 2 27 7 33 37 
20 3 12 50 
21 1 9 11 8 27 34 32 
22 1 16 14 12 19 9 44 
22 2 24 4 11 17 
23 1 4 33 32 48 
23 2 6 19 
24 1 26 1 8 15 22 26 
24 2 3 2 35 6 
25 1 6 48 
26 1 20 13 3 19 
27 1 8 34 22 45 16 48 
27 2 5 14 27 36 6 48 
28 1 26 43 
29 1 23 10 30 25 
29 2 4 39 
30 1 23 23 
31 1 6 4 9 22 30 31 
32 1 2 16 5 49 
32 2 26 41 11 46 
33 1 12 36 
33 2 11 1 22 7 
34 1 33 5 22 25 12 36 
34 2 18 16 
34 3 25 1 18 26 
35 1 24 7 8 16 12 23 
35 2 28 33 7 44 
36 1 5 14 30 35 
36 2 9 1 18 43 
36 3 19 27 35 42 15 46 
37 1 21 37 
37 2 2 20 35 42 12 43 
37 3 10 21 4 33 20 49 
38 1 24 28 34 31 
38 2 32 18 35 29 
38 3 25 12 
39 1 20 3 8 4 
39 2 12 4 2 33 0 45 
40 1 20 1 0 24 2 45 
41 1 12 27 
41 2 34 3 13 6 28 19 
41 3 32 5 28 13 10 41 
42 1 12 27 
43 1 5 29 
43 2 19 3 21 22 
44 1 20 29 
45 1 20 2 33 3 
45 2 7 8 3 38 31 43 
45 3 4 26 0 31 25 37 
46 1 25 13 29 37 
46 2 22 34 
47 1 31 12 
47 2 5 5 2 5 25 34 
47 3 30 7 15 8 35 35 
48 1 26 7 9 12 6 17 
48 2 34 33 15 45 
49 1 6 24 
49 2 17 21 27 28 25 36 
49 3 15 48 
50 1 30 17 32 41 
50 2 19 37 
50 3 6 4 8 18 
51 1 1 38 
52 1 3 17 27 21 32 41 
52 2 30 22 3 32 2 33 
52 3 10 28 30 45 17 46 
53 1 3 14 14 17 8 24 
53 2 29 8 
54 1 20 8 8 47 
55 1 35 11 6 20 
55 2 23 12 
56 1 17 37 
56 2 9 33 11 41 
57 1 31 4 17 28 30 35 
57 2 19 14 7 22 
57 3 15 32 
58 1 2 7 23 27 3 48 
59 1 2 15 19 38 20 40 
59 2 17 29 16 30 1 46 
59 3 32 40 
60 1 15 28 
60 2 4 19 30 20 25 42 
